Guided mode log DATA time.struct_time(tm_year=2016, tm_mon=6, tm_mday=6, tm_hour=21, tm_min=38, tm_sec=1, tm_wday=0, tm_yday=158, tm_isdst=0)
time	 RC5VAL	 yaw_angle	 objposx	 objposy	 RC7VAL	 vx	 vy	 gain	 size	 roll	 pitch	 RC6VAL
1465249082.177293	0.000000	0.000000	-566.000000	-566.000000	0.000000	0.000000	0.000000	0.000000	0.000000	0.076538	0.020398	1400.000000
1465249082.836777	0.000000	0.000000	-566.000000	-566.000000	0.000000	0.000000	0.000000	0.000000	0.000000	0.076393	0.020954	1400.000000
1465249083.447778	0.000000	0.000000	-566.000000	-566.000000	0.000000	0.000000	0.000000	0.000000	0.000000	0.076242	0.021130	1400.000000
1465249084.682770	0.000000	0.000000	-566.000000	-566.000000	0.000000	0.000000	0.000000	0.000000	0.000000	0.076161	0.021200	1400.000000
1465249085.969563	0.000000	0.000000	-566.000000	-566.000000	0.000000	0.000000	0.000000	0.000000	0.000000	0.076216	0.021520	1400.000000
1465249086.475608	0.000000	0.000000	-566.000000	-566.000000	0.000000	0.000000	0.000000	0.000000	0.000000	0.075922	0.021392	1400.000000
1465249087.055222	0.000000	0.000000	-566.000000	-566.000000	0.000000	0.000000	0.000000	0.000000	0.000000	0.075906	0.021270	1400.000000
1465249087.529247	0.000000	0.000000	-566.000000	-566.000000	0.000000	0.000000	0.000000	0.000000	0.000000	0.075982	0.020989	1400.000000
1465249088.210044	0.000000	0.000000	-566.000000	-566.000000	0.000000	0.000000	0.000000	0.000000	0.000000	0.076115	0.020771	1400.000000
1465249088.739410	0.000000	0.000000	-566.000000	-566.000000	0.000000	0.000000	0.000000	0.000000	0.000000	0.076117	0.020624	1400.000000
1465249089.247684	0.000000	0.000000	-566.000000	-566.000000	0.000000	0.000000	0.000000	0.000000	0.000000	0.076087	0.020415	1400.000000
1465249089.832895	0.000000	0.000000	-566.000000	-566.000000	0.000000	0.000000	0.000000	0.000000	0.000000	0.076114	0.020301	1400.000000
1465249090.309263	0.000000	0.000000	-566.000000	-566.000000	0.000000	0.000000	0.000000	0.000000	0.000000	0.076386	0.020586	1400.000000
1465249091.035654	0.000000	0.000000	-566.000000	-566.000000	0.000000	0.000000	0.000000	0.000000	0.000000	0.076506	0.020860	1400.000000
1465249091.664268	0.000000	0.000000	-566.000000	-566.000000	0.000000	0.000000	0.000000	0.000000	0.000000	0.076568	0.020908	1400.000000
1465249092.312979	0.000000	0.000000	-566.000000	-566.000000	0.000000	0.000000	0.000000	0.000000	0.000000	0.076601	0.020772	1400.000000
1465249092.947325	0.000000	0.000000	-566.000000	-566.000000	0.000000	0.000000	0.000000	0.000000	0.000000	0.065001	0.032371	1400.000000
1465249093.551128	0.000000	0.000000	-566.000000	-566.000000	0.000000	0.000000	0.000000	0.000000	0.000000	0.650596	-1.013111	1400.000000
1465249094.123852	0.000000	0.000000	-566.000000	-566.000000	0.000000	0.000000	0.000000	0.000000	0.000000	1.092897	-0.993565	1400.000000
1465249094.851005	0.000000	0.000000	-566.000000	-566.000000	0.000000	0.000000	0.000000	0.000000	0.000000	1.484943	-0.352175	1400.000000
1465249095.419971	0.000000	0.000000	-566.000000	-566.000000	0.000000	0.000000	0.000000	0.000000	0.000000	1.740319	-0.041262	1400.000000
1465249096.839438	0.000000	0.000000	-566.000000	-566.000000	0.000000	0.000000	0.000000	0.000000	0.000000	1.802413	0.031112	1400.000000
1465249098.057982	0.000000	0.000000	-566.000000	-566.000000	0.000000	0.000000	0.000000	0.000000	0.000000	1.852234	0.134831	1400.000000
1465249098.854632	1400.000000	2.955361	347.278534	312.643829	1400.000000	-0.400000	0.400000	0.400000	5.295432	1.742123	0.093280	1400.000000
1465249099.528429	0.000000	0.000000	-566.000000	-566.000000	0.000000	0.000000	0.000000	0.000000	0.000000	1.743870	0.081142	1400.000000
1465249100.242954	0.000000	0.000000	-566.000000	-566.000000	0.000000	0.000000	0.000000	0.000000	0.000000	1.729286	0.086278	1400.000000
1465249100.843183	0.000000	0.000000	-566.000000	-566.000000	0.000000	0.000000	0.000000	0.000000	0.000000	1.748319	0.066475	1400.000000
1465249101.424356	0.000000	0.000000	-566.000000	-566.000000	0.000000	0.000000	0.000000	0.000000	0.000000	1.758917	0.069350	1400.000000
1465249102.136767	0.000000	0.000000	-566.000000	-566.000000	0.000000	0.000000	0.000000	0.000000	0.000000	1.754532	0.067457	1400.000000
1465249102.655565	0.000000	0.000000	-566.000000	-566.000000	0.000000	0.000000	0.000000	0.000000	0.000000	1.726067	0.050859	1400.000000
1465249103.312450	0.000000	0.000000	-566.000000	-566.000000	0.000000	0.000000	0.000000	0.000000	0.000000	1.472263	0.882816	1400.000000
1465249104.007859	0.000000	0.000000	-566.000000	-566.000000	0.000000	0.000000	0.000000	0.000000	0.000000	2.299529	1.210420	1400.000000
1465249104.509399	0.000000	0.000000	-566.000000	-566.000000	0.000000	0.000000	0.000000	0.000000	0.000000	-2.888079	0.553345	1400.000000
1465249105.192598	1400.000000	-0.214180	359.194489	411.876099	1400.000000	-0.400000	-0.400000	0.400000	23.956186	-2.720254	0.494910	1400.000000
1465249105.838281	0.000000	0.000000	-566.000000	-566.000000	0.000000	0.000000	0.000000	0.000000	0.000000	-2.424035	0.523798	1400.000000
1465249106.414894	0.000000	0.000000	-566.000000	-566.000000	0.000000	0.000000	0.000000	0.000000	0.000000	-2.060622	0.385851	1400.000000
1465249107.141556	1400.000000	0.092396	309.811157	263.846771	1400.000000	0.400000	-0.400000	0.400000	9.961679	-1.912431	0.053754	1400.000000
1465249107.727447	0.000000	0.000000	-566.000000	-566.000000	0.000000	0.000000	0.000000	0.000000	0.000000	-1.733870	0.104370	1400.000000
1465249108.278256	0.000000	0.000000	-566.000000	-566.000000	0.000000	0.000000	0.000000	0.000000	0.000000	-1.686975	0.093573	1400.000000
1465249109.882332	1400.000000	-0.077110	123.637711	286.541534	1400.000000	0.400000	-0.400000	0.400000	40.640293	-1.623789	0.098337	1400.000000
1465249111.143316	1400.000000	0.016358	478.300171	450.684784	1400.000000	-0.400000	0.400000	0.400000	19.657911	-1.483107	0.045077	1400.000000
1465249111.712861	1400.000000	0.045373	524.077209	450.750549	1400.000000	0.400000	0.400000	0.400000	17.413197	-1.473651	0.041665	1400.000000
1465249112.501026	1400.000000	0.048650	502.573364	420.827606	1400.000000	0.400000	-0.400000	0.400000	20.893480	-1.471888	0.036541	1400.000000
1465249113.066847	1400.000000	0.074742	483.044708	345.390228	1400.000000	-0.400000	0.400000	0.400000	19.323320	-1.463466	0.029749	1400.000000
1465249113.722257	1400.000000	0.073888	489.447693	343.863098	1400.000000	-0.400000	0.400000	0.400000	14.728638	-1.446812	0.022130	1400.000000
1465249114.403355	0.000000	0.000000	-566.000000	-566.000000	0.000000	0.000000	0.000000	0.000000	0.000000	-1.431111	0.018057	1400.000000
1465249115.022060	1400.000000	0.102394	516.721985	321.002655	1400.000000	0.400000	-0.400000	0.400000	11.305069	-1.413881	0.010946	1400.000000
1465249115.548290	1400.000000	0.108475	546.483459	328.266083	1400.000000	0.400000	-0.400000	0.400000	10.719734	-1.403675	0.006366	1400.000000
1465249116.160279	1400.000000	0.146348	535.279724	302.798065	1400.000000	0.400000	-0.400000	0.400000	16.092165	-1.405407	0.002106	1400.000000
1465249116.689044	0.000000	0.000000	-566.000000	-566.000000	0.000000	0.000000	0.000000	0.000000	0.000000	-1.408161	0.001917	1400.000000
1465249117.233928	1400.000000	0.224978	561.945496	261.299377	1400.000000	0.400000	0.400000	0.400000	8.939905	-1.418343	0.018840	1400.000000
1465249117.799020	0.000000	0.000000	-566.000000	-566.000000	0.000000	0.000000	0.000000	0.000000	0.000000	-1.456070	0.035812	1400.000000
1465249118.303836	0.000000	0.000000	-566.000000	-566.000000	0.000000	0.000000	0.000000	0.000000	0.000000	-1.323257	0.039017	1400.000000
1465249118.889000	1400.000000	0.564503	555.192322	268.316864	1400.000000	-0.400000	0.400000	0.400000	6.297927	-1.198486	-0.041326	1400.000000
1465249119.407668	0.000000	0.000000	-566.000000	-566.000000	0.000000	0.000000	0.000000	0.000000	0.000000	-1.111939	-0.108173	1400.000000
1465249120.043859	1400.000000	1.371471	449.780548	169.597107	1400.000000	0.400000	-0.400000	0.400000	12.071172	-1.434201	-0.117927	1400.000000
1465249120.697211	1400.000000	1.485896	365.789490	116.662453	1400.000000	0.400000	-0.400000	0.400000	40.291664	-1.388859	-0.086370	1400.000000
1465249121.691741	0.000000	0.000000	-566.000000	-566.000000	0.000000	0.000000	0.000000	0.000000	0.000000	-1.358999	-0.036296	1400.000000
1465249122.912685	1400.000000	1.448342	188.668625	103.394539	1400.000000	-0.400000	0.400000	0.400000	25.345623	-1.437031	-0.042325	1400.000000
1465249123.793974	0.000000	0.000000	-566.000000	-566.000000	0.000000	0.000000	0.000000	0.000000	0.000000	-1.461689	-0.028393	1400.000000
1465249124.371262	0.000000	0.000000	-566.000000	-566.000000	0.000000	0.000000	0.000000	0.000000	0.000000	-1.482205	-0.024952	1400.000000
1465249124.963133	1400.000000	1.174650	149.004883	411.213013	1400.000000	-0.400000	0.400000	0.400000	7.229222	-1.498452	-0.035511	1400.000000
1465249125.524436	0.000000	0.000000	-566.000000	-566.000000	0.000000	0.000000	0.000000	0.000000	0.000000	-1.513615	-0.039337	1400.000000
1465249126.041027	0.000000	0.000000	-566.000000	-566.000000	0.000000	0.000000	0.000000	0.000000	0.000000	-1.374459	0.076870	1400.000000
1465249126.544276	0.000000	0.000000	-566.000000	-566.000000	0.000000	0.000000	0.000000	0.000000	0.000000	-1.141336	0.175123	1400.000000
1465249127.139219	0.000000	0.000000	-566.000000	-566.000000	0.000000	0.000000	0.000000	0.000000	0.000000	-0.651115	0.146989	1400.000000
1465249127.666545	1400.000000	1.410278	376.946442	10.374833	1400.000000	0.400000	0.400000	0.400000	6.697429	0.050492	0.082916	1400.000000
1465249128.231970	0.000000	0.000000	-566.000000	-566.000000	0.000000	0.000000	0.000000	0.000000	0.000000	0.062025	0.078694	1400.000000
1465249128.740846	0.000000	0.000000	-566.000000	-566.000000	0.000000	0.000000	0.000000	0.000000	0.000000	0.072224	0.076522	1400.000000
1465249129.227795	0.000000	0.000000	-566.000000	-566.000000	0.000000	0.000000	0.000000	0.000000	0.000000	0.081018	0.077267	1400.000000
1465249129.770777	0.000000	0.000000	-566.000000	-566.000000	0.000000	0.000000	0.000000	0.000000	0.000000	0.084354	0.078508	1400.000000
1465249130.271210	0.000000	0.000000	-566.000000	-566.000000	0.000000	0.000000	0.000000	0.000000	0.000000	0.087486	0.081680	1400.000000
1465249130.801146	0.000000	0.000000	-566.000000	-566.000000	0.000000	0.000000	0.000000	0.000000	0.000000	0.088160	0.084255	1400.000000
1465249131.296921	0.000000	0.000000	-566.000000	-566.000000	0.000000	0.000000	0.000000	0.000000	0.000000	0.088058	0.086222	1400.000000
1465249131.811416	0.000000	0.000000	-566.000000	-566.000000	0.000000	0.000000	0.000000	0.000000	0.000000	0.086964	0.087654	1400.000000
1465249132.386870	0.000000	0.000000	-566.000000	-566.000000	0.000000	0.000000	0.000000	0.000000	0.000000	0.085832	0.088622	1400.000000
1465249132.856479	0.000000	0.000000	-566.000000	-566.000000	0.000000	0.000000	0.000000	0.000000	0.000000	0.083973	0.088541	1400.000000
1465249133.815680	0.000000	0.000000	-566.000000	-566.000000	0.000000	0.000000	0.000000	0.000000	0.000000	0.082485	0.088383	1400.000000
1465249134.851329	0.000000	0.000000	-566.000000	-566.000000	0.000000	0.000000	0.000000	0.000000	0.000000	0.080850	0.087630	1400.000000
1465249135.941167	0.000000	0.000000	-566.000000	-566.000000	0.000000	0.000000	0.000000	0.000000	0.000000	0.079929	0.085649	1400.000000
1465249136.494278	0.000000	0.000000	-566.000000	-566.000000	0.000000	0.000000	0.000000	0.000000	0.000000	0.079879	0.084358	1400.000000
1465249136.988002	0.000000	0.000000	-566.000000	-566.000000	0.000000	0.000000	0.000000	0.000000	0.000000	0.080466	0.081855	1400.000000
1465249137.590943	0.000000	0.000000	-566.000000	-566.000000	0.000000	0.000000	0.000000	0.000000	0.000000	0.081633	0.079400	1400.000000
1465249138.098609	0.000000	0.000000	-566.000000	-566.000000	0.000000	0.000000	0.000000	0.000000	0.000000	0.082331	0.078307	1400.000000
1465249138.526347	0.000000	0.000000	-566.000000	-566.000000	0.000000	0.000000	0.000000	0.000000	0.000000	0.082774	0.077161	1400.000000
1465249139.075391	0.000000	0.000000	-566.000000	-566.000000	0.000000	0.000000	0.000000	0.000000	0.000000	0.083905	0.075878	1400.000000
1465249139.567309	0.000000	0.000000	-566.000000	-566.000000	0.000000	0.000000	0.000000	0.000000	0.000000	0.084777	0.074967	1400.000000
1465249140.231146	0.000000	0.000000	-566.000000	-566.000000	0.000000	0.000000	0.000000	0.000000	0.000000	0.086325	0.073023	1400.000000
1465249140.773393	0.000000	0.000000	-566.000000	-566.000000	0.000000	0.000000	0.000000	0.000000	0.000000	0.086816	0.072267	1400.000000
1465249141.266683	0.000000	0.000000	-566.000000	-566.000000	0.000000	0.000000	0.000000	0.000000	0.000000	0.087459	0.071310	1400.000000
1465249141.795482	0.000000	0.000000	-566.000000	-566.000000	0.000000	0.000000	0.000000	0.000000	0.000000	0.087765	0.070554	1400.000000
1465249142.309433	0.000000	0.000000	-566.000000	-566.000000	0.000000	0.000000	0.000000	0.000000	0.000000	0.088485	0.069989	1400.000000
1465249142.788017	0.000000	0.000000	-566.000000	-566.000000	0.000000	0.000000	0.000000	0.000000	0.000000	0.089287	0.068771	1400.000000
1465249143.355810	0.000000	0.000000	-566.000000	-566.000000	0.000000	0.000000	0.000000	0.000000	0.000000	0.089675	0.068071	1400.000000
1465249143.847717	0.000000	0.000000	-566.000000	-566.000000	0.000000	0.000000	0.000000	0.000000	0.000000	0.090294	0.067232	1400.000000
1465249144.438970	0.000000	0.000000	-566.000000	-566.000000	0.000000	0.000000	0.000000	0.000000	0.000000	0.090564	0.066893	1400.000000
1465249144.915608	0.000000	0.000000	-566.000000	-566.000000	0.000000	0.000000	0.000000	0.000000	0.000000	0.090883	0.066484	1400.000000
1465249145.389944	0.000000	0.000000	-566.000000	-566.000000	0.000000	0.000000	0.000000	0.000000	0.000000	0.091237	0.066168	1400.000000
1465249146.444720	0.000000	0.000000	-566.000000	-566.000000	0.000000	0.000000	0.000000	0.000000	0.000000	0.091404	0.065514	1400.000000
1465249147.589230	0.000000	0.000000	-566.000000	-566.000000	0.000000	0.000000	0.000000	0.000000	0.000000	0.091943	0.064868	1400.000000
1465249148.464593	0.000000	0.000000	-566.000000	-566.000000	0.000000	0.000000	0.000000	0.000000	0.000000	0.092394	0.064334	1400.000000
1465249149.063272	0.000000	0.000000	-566.000000	-566.000000	0.000000	0.000000	0.000000	0.000000	0.000000	0.093042	0.063254	1400.000000
1465249149.573434	0.000000	0.000000	-566.000000	-566.000000	0.000000	0.000000	0.000000	0.000000	0.000000	0.093053	0.062896	1400.000000
1465249150.111856	0.000000	0.000000	-566.000000	-566.000000	0.000000	0.000000	0.000000	0.000000	0.000000	0.093245	0.062687	1400.000000
1465249150.612184	0.000000	0.000000	-566.000000	-566.000000	0.000000	0.000000	0.000000	0.000000	0.000000	0.093405	0.062131	1400.000000
1465249151.179407	0.000000	0.000000	-566.000000	-566.000000	0.000000	0.000000	0.000000	0.000000	0.000000	0.093577	0.061747	1400.000000
1465249151.710852	0.000000	0.000000	-566.000000	-566.000000	0.000000	0.000000	0.000000	0.000000	0.000000	0.093653	0.061784	1400.000000
1465249152.206310	0.000000	0.000000	-566.000000	-566.000000	0.000000	0.000000	0.000000	0.000000	0.000000	0.093789	0.061289	1400.000000
1465249152.730559	0.000000	0.000000	-566.000000	-566.000000	0.000000	0.000000	0.000000	0.000000	0.000000	0.093720	0.061224	1400.000000
1465249153.296768	0.000000	0.000000	-566.000000	-566.000000	0.000000	0.000000	0.000000	0.000000	0.000000	0.093835	0.060914	1400.000000
1465249153.852040	0.000000	0.000000	-566.000000	-566.000000	0.000000	0.000000	0.000000	0.000000	0.000000	0.093814	0.060905	1400.000000
1465249154.388349	0.000000	0.000000	-566.000000	-566.000000	0.000000	0.000000	0.000000	0.000000	0.000000	0.093955	0.061010	1400.000000
1465249154.900208	0.000000	0.000000	-566.000000	-566.000000	0.000000	0.000000	0.000000	0.000000	0.000000	0.094288	0.060956	1400.000000
1465249155.415698	0.000000	0.000000	-566.000000	-566.000000	0.000000	0.000000	0.000000	0.000000	0.000000	0.094296	0.061248	1400.000000
1465249155.923229	0.000000	0.000000	-566.000000	-566.000000	0.000000	0.000000	0.000000	0.000000	0.000000	0.094143	0.060882	1400.000000
1465249156.493298	0.000000	0.000000	-566.000000	-566.000000	0.000000	0.000000	0.000000	0.000000	0.000000	0.094111	0.061041	1400.000000
1465249156.944420	0.000000	0.000000	-566.000000	-566.000000	0.000000	0.000000	0.000000	0.000000	0.000000	0.094122	0.060992	1400.000000
1465249157.430939	0.000000	0.000000	-566.000000	-566.000000	0.000000	0.000000	0.000000	0.000000	0.000000	0.094021	0.061164	1400.000000
1465249158.170672	0.000000	0.000000	-566.000000	-566.000000	0.000000	0.000000	0.000000	0.000000	0.000000	0.093972	0.061159	1400.000000
1465249159.242108	0.000000	0.000000	-566.000000	-566.000000	0.000000	0.000000	0.000000	0.000000	0.000000	0.093746	0.060626	1400.000000
1465249160.396957	0.000000	0.000000	-566.000000	-566.000000	0.000000	0.000000	0.000000	0.000000	0.000000	0.093718	0.060746	1400.000000
1465249161.022965	0.000000	0.000000	-566.000000	-566.000000	0.000000	0.000000	0.000000	0.000000	0.000000	0.094212	0.060767	1400.000000
1465249161.533411	0.000000	0.000000	-566.000000	-566.000000	0.000000	0.000000	0.000000	0.000000	0.000000	0.094349	0.060826	1400.000000
1465249162.082999	0.000000	0.000000	-566.000000	-566.000000	0.000000	0.000000	0.000000	0.000000	0.000000	0.094276	0.060912	1400.000000
1465249162.627057	0.000000	0.000000	-566.000000	-566.000000	0.000000	0.000000	0.000000	0.000000	0.000000	0.094104	0.061001	1400.000000
1465249163.231767	0.000000	0.000000	-566.000000	-566.000000	0.000000	0.000000	0.000000	0.000000	0.000000	0.093751	0.060793	1400.000000
1465249163.719098	0.000000	0.000000	-566.000000	-566.000000	0.000000	0.000000	0.000000	0.000000	0.000000	0.093820	0.061161	1400.000000
1465249164.243527	0.000000	0.000000	-566.000000	-566.000000	0.000000	0.000000	0.000000	0.000000	0.000000	0.093252	0.061066	1400.000000
1465249164.820609	0.000000	0.000000	-566.000000	-566.000000	0.000000	0.000000	0.000000	0.000000	0.000000	0.093191	0.061167	1400.000000
1465249165.309639	0.000000	0.000000	-566.000000	-566.000000	0.000000	0.000000	0.000000	0.000000	0.000000	0.093212	0.061103	1400.000000
1465249165.842035	0.000000	0.000000	-566.000000	-566.000000	0.000000	0.000000	0.000000	0.000000	0.000000	0.093093	0.060989	1400.000000
1465249166.386994	0.000000	0.000000	-566.000000	-566.000000	0.000000	0.000000	0.000000	0.000000	0.000000	0.092760	0.061000	1400.000000
1465249166.902702	0.000000	0.000000	-566.000000	-566.000000	0.000000	0.000000	0.000000	0.000000	0.000000	0.092624	0.061081	1400.000000
1465249167.430907	0.000000	0.000000	-566.000000	-566.000000	0.000000	0.000000	0.000000	0.000000	0.000000	0.092554	0.061090	1400.000000
1465249167.942828	0.000000	0.000000	-566.000000	-566.000000	0.000000	0.000000	0.000000	0.000000	0.000000	0.092500	0.061020	1400.000000
1465249168.504011	0.000000	0.000000	-566.000000	-566.000000	0.000000	0.000000	0.000000	0.000000	0.000000	0.092549	0.061009	1400.000000
1465249169.005673	0.000000	0.000000	-566.000000	-566.000000	0.000000	0.000000	0.000000	0.000000	0.000000	0.092555	0.061149	1400.000000
1465249169.517393	0.000000	0.000000	-566.000000	-566.000000	0.000000	0.000000	0.000000	0.000000	0.000000	0.092517	0.060848	1400.000000
1465249170.088870	0.000000	0.000000	-566.000000	-566.000000	0.000000	0.000000	0.000000	0.000000	0.000000	0.092586	0.061171	1400.000000
1465249170.920510	0.000000	0.000000	-566.000000	-566.000000	0.000000	0.000000	0.000000	0.000000	0.000000	0.092478	0.060980	1400.000000
1465249172.038290	0.000000	0.000000	-566.000000	-566.000000	0.000000	0.000000	0.000000	0.000000	0.000000	0.092618	0.061044	1400.000000
1465249173.109873	0.000000	0.000000	-566.000000	-566.000000	0.000000	0.000000	0.000000	0.000000	0.000000	0.092429	0.061168	1400.000000
1465249173.640207	0.000000	0.000000	-566.000000	-566.000000	0.000000	0.000000	0.000000	0.000000	0.000000	0.092180	0.061072	1400.000000
1465249174.373304	0.000000	0.000000	-566.000000	-566.000000	0.000000	0.000000	0.000000	0.000000	0.000000	0.092075	0.060956	1400.000000
1465249174.861072	0.000000	0.000000	-566.000000	-566.000000	0.000000	0.000000	0.000000	0.000000	0.000000	0.092059	0.060952	1400.000000
1465249175.475192	0.000000	0.000000	-566.000000	-566.000000	0.000000	0.000000	0.000000	0.000000	0.000000	0.092076	0.060944	1400.000000
1465249175.942403	0.000000	0.000000	-566.000000	-566.000000	0.000000	0.000000	0.000000	0.000000	0.000000	0.091956	0.060609	1400.000000
1465249176.533900	0.000000	0.000000	-566.000000	-566.000000	0.000000	0.000000	0.000000	0.000000	0.000000	0.092186	0.060721	1400.000000
1465249177.077766	0.000000	0.000000	-566.000000	-566.000000	0.000000	0.000000	0.000000	0.000000	0.000000	0.092363	0.060860	1400.000000
1465249177.639330	0.000000	0.000000	-566.000000	-566.000000	0.000000	0.000000	0.000000	0.000000	0.000000	0.092211	0.060908	1400.000000
1465249178.147388	0.000000	0.000000	-566.000000	-566.000000	0.000000	0.000000	0.000000	0.000000	0.000000	0.092032	0.060926	1400.000000
1465249178.693846	0.000000	0.000000	-566.000000	-566.000000	0.000000	0.000000	0.000000	0.000000	0.000000	0.092143	0.061149	1400.000000
1465249179.240814	0.000000	0.000000	-566.000000	-566.000000	0.000000	0.000000	0.000000	0.000000	0.000000	0.092201	0.061120	1400.000000
1465249179.677496	0.000000	0.000000	-566.000000	-566.000000	0.000000	0.000000	0.000000	0.000000	0.000000	0.092310	0.061238	1400.000000
1465249180.285223	0.000000	0.000000	-566.000000	-566.000000	0.000000	0.000000	0.000000	0.000000	0.000000	0.092086	0.060870	1400.000000
1465249180.820328	0.000000	0.000000	-566.000000	-566.000000	0.000000	0.000000	0.000000	0.000000	0.000000	0.091645	0.060549	1400.000000
1465249181.325834	0.000000	0.000000	-566.000000	-566.000000	0.000000	0.000000	0.000000	0.000000	0.000000	0.091389	0.060073	1400.000000
1465249181.828271	0.000000	0.000000	-566.000000	-566.000000	0.000000	0.000000	0.000000	0.000000	0.000000	0.091314	0.059974	1400.000000
1465249182.360810	0.000000	0.000000	-566.000000	-566.000000	0.000000	0.000000	0.000000	0.000000	0.000000	0.091207	0.059764	1400.000000
1465249183.280463	0.000000	0.000000	-566.000000	-566.000000	0.000000	0.000000	0.000000	0.000000	0.000000	0.091139	0.059778	1400.000000
1465249184.302127	0.000000	0.000000	-566.000000	-566.000000	0.000000	0.000000	0.000000	0.000000	0.000000	0.090837	0.059450	1400.000000
1465249185.453597	0.000000	0.000000	-566.000000	-566.000000	0.000000	0.000000	0.000000	0.000000	0.000000	0.090802	0.059334	1400.000000
1465249185.956700	0.000000	0.000000	-566.000000	-566.000000	0.000000	0.000000	0.000000	0.000000	0.000000	0.090455	0.059174	1400.000000
1465249186.473600	0.000000	0.000000	-566.000000	-566.000000	0.000000	0.000000	0.000000	0.000000	0.000000	0.090465	0.059146	1400.000000
1465249186.980956	0.000000	0.000000	-566.000000	-566.000000	0.000000	0.000000	0.000000	0.000000	0.000000	0.090406	0.059021	1400.000000
1465249187.524407	0.000000	0.000000	-566.000000	-566.000000	0.000000	0.000000	0.000000	0.000000	0.000000	0.090426	0.058933	1400.000000
1465249188.002769	0.000000	0.000000	-566.000000	-566.000000	0.000000	0.000000	0.000000	0.000000	0.000000	0.090302	0.058820	1400.000000
1465249188.560750	0.000000	0.000000	-566.000000	-566.000000	0.000000	0.000000	0.000000	0.000000	0.000000	0.089952	0.058852	1400.000000
1465249189.116997	0.000000	0.000000	-566.000000	-566.000000	0.000000	0.000000	0.000000	0.000000	0.000000	0.090105	0.058663	1400.000000
1465249189.601274	0.000000	0.000000	-566.000000	-566.000000	0.000000	0.000000	0.000000	0.000000	0.000000	0.090107	0.058781	1400.000000
1465249190.060348	0.000000	0.000000	-566.000000	-566.000000	0.000000	0.000000	0.000000	0.000000	0.000000	0.090145	0.058694	1400.000000
1465249190.561115	0.000000	0.000000	-566.000000	-566.000000	0.000000	0.000000	0.000000	0.000000	0.000000	0.090095	0.058686	1400.000000
1465249191.133832	0.000000	0.000000	-566.000000	-566.000000	0.000000	0.000000	0.000000	0.000000	0.000000	0.090161	0.058701	1400.000000
1465249191.656577	0.000000	0.000000	-566.000000	-566.000000	0.000000	0.000000	0.000000	0.000000	0.000000	0.090494	0.058929	1400.000000
1465249192.170901	0.000000	0.000000	-566.000000	-566.000000	0.000000	0.000000	0.000000	0.000000	0.000000	0.090588	0.058544	1400.000000
1465249192.720610	0.000000	0.000000	-566.000000	-566.000000	0.000000	0.000000	0.000000	0.000000	0.000000	0.090528	0.058419	1400.000000
1465249193.206574	0.000000	0.000000	-566.000000	-566.000000	0.000000	0.000000	0.000000	0.000000	0.000000	0.090796	0.058531	1400.000000
1465249193.818824	0.000000	0.000000	-566.000000	-566.000000	0.000000	0.000000	0.000000	0.000000	0.000000	0.090862	0.058493	1400.000000
1465249194.339443	0.000000	0.000000	-566.000000	-566.000000	0.000000	0.000000	0.000000	0.000000	0.000000	0.091070	0.058546	1400.000000
1465249195.008375	0.000000	0.000000	-566.000000	-566.000000	0.000000	0.000000	0.000000	0.000000	0.000000	0.091090	0.058429	1400.000000
1465249196.152104	0.000000	0.000000	-566.000000	-566.000000	0.000000	0.000000	0.000000	0.000000	0.000000	0.091408	0.058980	1400.000000
1465249197.586217	0.000000	0.000000	-566.000000	-566.000000	0.000000	0.000000	0.000000	0.000000	0.000000	0.090658	0.058336	1400.000000
1465249198.232628	0.000000	0.000000	-566.000000	-566.000000	0.000000	0.000000	0.000000	0.000000	0.000000	0.090408	0.058273	1400.000000
1465249198.905420	0.000000	0.000000	-566.000000	-566.000000	0.000000	0.000000	0.000000	0.000000	0.000000	0.090236	0.058097	1400.000000
1465249199.577116	0.000000	0.000000	-566.000000	-566.000000	0.000000	0.000000	0.000000	0.000000	0.000000	0.090333	0.057841	1400.000000
1465249200.076515	0.000000	0.000000	-566.000000	-566.000000	0.000000	0.000000	0.000000	0.000000	0.000000	0.090736	0.058017	1400.000000
1465249200.632221	0.000000	0.000000	-566.000000	-566.000000	0.000000	0.000000	0.000000	0.000000	0.000000	0.090655	0.057789	1400.000000
1465249201.162306	0.000000	0.000000	-566.000000	-566.000000	0.000000	0.000000	0.000000	0.000000	0.000000	0.090628	0.057705	1400.000000
1465249201.719591	0.000000	0.000000	-566.000000	-566.000000	0.000000	0.000000	0.000000	0.000000	0.000000	0.090458	0.057296	1400.000000
1465249202.249529	0.000000	0.000000	-566.000000	-566.000000	0.000000	0.000000	0.000000	0.000000	0.000000	0.090614	0.057384	1400.000000
1465249202.734881	0.000000	0.000000	-566.000000	-566.000000	0.000000	0.000000	0.000000	0.000000	0.000000	0.090689	0.057390	1400.000000
1465249203.319450	0.000000	0.000000	-566.000000	-566.000000	0.000000	0.000000	0.000000	0.000000	0.000000	0.090663	0.057453	1400.000000
1465249203.802317	0.000000	0.000000	-566.000000	-566.000000	0.000000	0.000000	0.000000	0.000000	0.000000	0.090602	0.057134	1400.000000
1465249204.352403	0.000000	0.000000	-566.000000	-566.000000	0.000000	0.000000	0.000000	0.000000	0.000000	0.090666	0.057156	1400.000000
1465249204.859389	0.000000	0.000000	-566.000000	-566.000000	0.000000	0.000000	0.000000	0.000000	0.000000	0.090570	0.056976	1400.000000
1465249205.375296	0.000000	0.000000	-566.000000	-566.000000	0.000000	0.000000	0.000000	0.000000	0.000000	0.090521	0.056893	1400.000000
1465249205.938922	0.000000	0.000000	-566.000000	-566.000000	0.000000	0.000000	0.000000	0.000000	0.000000	0.090644	0.057385	1400.000000
1465249206.466647	0.000000	0.000000	-566.000000	-566.000000	0.000000	0.000000	0.000000	0.000000	0.000000	0.090339	0.057033	1400.000000
1465249206.985989	0.000000	0.000000	-566.000000	-566.000000	0.000000	0.000000	0.000000	0.000000	0.000000	0.090617	0.057250	1400.000000
1465249207.868347	0.000000	0.000000	-566.000000	-566.000000	0.000000	0.000000	0.000000	0.000000	0.000000	0.090525	0.057138	1400.000000
1465249208.968099	0.000000	0.000000	-566.000000	-566.000000	0.000000	0.000000	0.000000	0.000000	0.000000	0.090661	0.056738	1400.000000
1465249210.121046	0.000000	0.000000	-566.000000	-566.000000	0.000000	0.000000	0.000000	0.000000	0.000000	0.091121	0.056853	1400.000000
1465249210.684395	0.000000	0.000000	-566.000000	-566.000000	0.000000	0.000000	0.000000	0.000000	0.000000	0.091425	0.056470	1400.000000
1465249211.312924	0.000000	0.000000	-566.000000	-566.000000	0.000000	0.000000	0.000000	0.000000	0.000000	0.091323	0.056073	1400.000000
1465249211.786564	0.000000	0.000000	-566.000000	-566.000000	0.000000	0.000000	0.000000	0.000000	0.000000	0.091029	0.055854	1400.000000
1465249212.250638	0.000000	0.000000	-566.000000	-566.000000	0.000000	0.000000	0.000000	0.000000	0.000000	0.091280	0.055852	1400.000000
1465249212.815991	0.000000	0.000000	-566.000000	-566.000000	0.000000	0.000000	0.000000	0.000000	0.000000	0.091130	0.055599	1400.000000
1465249213.335183	0.000000	0.000000	-566.000000	-566.000000	0.000000	0.000000	0.000000	0.000000	0.000000	0.091046	0.055497	1400.000000
1465249213.911741	0.000000	0.000000	-566.000000	-566.000000	0.000000	0.000000	0.000000	0.000000	0.000000	0.091122	0.055489	1400.000000
1465249214.429571	0.000000	0.000000	-566.000000	-566.000000	0.000000	0.000000	0.000000	0.000000	0.000000	0.091026	0.055513	1400.000000
1465249214.969081	0.000000	0.000000	-566.000000	-566.000000	0.000000	0.000000	0.000000	0.000000	0.000000	0.091240	0.055657	1400.000000
1465249215.609545	0.000000	0.000000	-566.000000	-566.000000	0.000000	0.000000	0.000000	0.000000	0.000000	0.090943	0.055676	1400.000000
1465249216.101939	0.000000	0.000000	-566.000000	-566.000000	0.000000	0.000000	0.000000	0.000000	0.000000	0.091143	0.055777	1400.000000
1465249216.684825	0.000000	0.000000	-566.000000	-566.000000	0.000000	0.000000	0.000000	0.000000	0.000000	0.090911	0.055687	1400.000000
1465249217.207859	0.000000	0.000000	-566.000000	-566.000000	0.000000	0.000000	0.000000	0.000000	0.000000	0.091027	0.055996	1400.000000
1465249217.802366	0.000000	0.000000	-566.000000	-566.000000	0.000000	0.000000	0.000000	0.000000	0.000000	0.090819	0.056041	1400.000000
1465249218.232686	0.000000	0.000000	-566.000000	-566.000000	0.000000	0.000000	0.000000	0.000000	0.000000	0.091016	0.056195	1400.000000
1465249218.725279	0.000000	0.000000	-566.000000	-566.000000	0.000000	0.000000	0.000000	0.000000	0.000000	0.090779	0.055780	1400.000000
1465249219.353778	0.000000	0.000000	-566.000000	-566.000000	0.000000	0.000000	0.000000	0.000000	0.000000	0.090874	0.055680	1400.000000
1465249219.923626	0.000000	0.000000	-566.000000	-566.000000	0.000000	0.000000	0.000000	0.000000	0.000000	0.090862	0.055622	1400.000000
1465249221.258140	0.000000	0.000000	-566.000000	-566.000000	0.000000	0.000000	0.000000	0.000000	0.000000	0.090968	0.055775	1400.000000
1465249222.485877	0.000000	0.000000	-566.000000	-566.000000	0.000000	0.000000	0.000000	0.000000	0.000000	0.090814	0.055724	1400.000000
1465249222.985082	0.000000	0.000000	-566.000000	-566.000000	0.000000	0.000000	0.000000	0.000000	0.000000	0.090758	0.055339	1400.000000
1465249223.560610	0.000000	0.000000	-566.000000	-566.000000	0.000000	0.000000	0.000000	0.000000	0.000000	0.090741	0.055414	1400.000000
1465249224.087224	0.000000	0.000000	-566.000000	-566.000000	0.000000	0.000000	0.000000	0.000000	0.000000	0.090762	0.055382	1400.000000
1465249224.549604	0.000000	0.000000	-566.000000	-566.000000	0.000000	0.000000	0.000000	0.000000	0.000000	0.090758	0.055342	1400.000000
1465249225.226304	0.000000	0.000000	-566.000000	-566.000000	0.000000	0.000000	0.000000	0.000000	0.000000	0.090662	0.055426	1400.000000
1465249225.770148	0.000000	0.000000	-566.000000	-566.000000	0.000000	0.000000	0.000000	0.000000	0.000000	0.090235	0.055478	1400.000000
1465249226.352749	0.000000	0.000000	-566.000000	-566.000000	0.000000	0.000000	0.000000	0.000000	0.000000	0.089966	0.055136	1400.000000
1465249226.901004	0.000000	0.000000	-566.000000	-566.000000	0.000000	0.000000	0.000000	0.000000	0.000000	0.089790	0.055227	1400.000000
1465249227.440975	0.000000	0.000000	-566.000000	-566.000000	0.000000	0.000000	0.000000	0.000000	0.000000	0.090021	0.055210	1400.000000
1465249227.927767	0.000000	0.000000	-566.000000	-566.000000	0.000000	0.000000	0.000000	0.000000	0.000000	0.090374	0.055267	1400.000000
1465249228.420087	0.000000	0.000000	-566.000000	-566.000000	0.000000	0.000000	0.000000	0.000000	0.000000	0.091035	0.055546	1400.000000
1465249228.992561	0.000000	0.000000	-566.000000	-566.000000	0.000000	0.000000	0.000000	0.000000	0.000000	0.091378	0.055632	1400.000000
1465249229.563696	0.000000	0.000000	-566.000000	-566.000000	0.000000	0.000000	0.000000	0.000000	0.000000	0.091707	0.055710	1400.000000
1465249230.167513	0.000000	0.000000	-566.000000	-566.000000	0.000000	0.000000	0.000000	0.000000	0.000000	0.091690	0.055700	1400.000000
1465249230.673995	0.000000	0.000000	-566.000000	-566.000000	0.000000	0.000000	0.000000	0.000000	0.000000	0.092098	0.055999	1400.000000
1465249231.269691	0.000000	0.000000	-566.000000	-566.000000	0.000000	0.000000	0.000000	0.000000	0.000000	0.092352	0.055753	1400.000000
1465249231.790124	0.000000	0.000000	-566.000000	-566.000000	0.000000	0.000000	0.000000	0.000000	0.000000	0.092411	0.055490	1400.000000
1465249232.576840	0.000000	0.000000	-566.000000	-566.000000	0.000000	0.000000	0.000000	0.000000	0.000000	0.092534	0.055362	1400.000000
1465249233.714864	0.000000	0.000000	-566.000000	-566.000000	0.000000	0.000000	0.000000	0.000000	0.000000	0.092331	0.055373	1400.000000
1465249234.900394	0.000000	0.000000	-566.000000	-566.000000	0.000000	0.000000	0.000000	0.000000	0.000000	0.092123	0.055184	1400.000000
1465249235.385172	0.000000	0.000000	-566.000000	-566.000000	0.000000	0.000000	0.000000	0.000000	0.000000	0.092026	0.055278	1400.000000
1465249235.959502	0.000000	0.000000	-566.000000	-566.000000	0.000000	0.000000	0.000000	0.000000	0.000000	0.091875	0.055229	1400.000000
1465249236.460470	0.000000	0.000000	-566.000000	-566.000000	0.000000	0.000000	0.000000	0.000000	0.000000	0.091871	0.055195	1400.000000
1465249237.078143	0.000000	0.000000	-566.000000	-566.000000	0.000000	0.000000	0.000000	0.000000	0.000000	0.091858	0.055231	1400.000000
1465249237.572279	0.000000	0.000000	-566.000000	-566.000000	0.000000	0.000000	0.000000	0.000000	0.000000	0.091800	0.055088	1400.000000
1465249238.083535	0.000000	0.000000	-566.000000	-566.000000	0.000000	0.000000	0.000000	0.000000	0.000000	0.091892	0.054763	1400.000000
1465249238.631447	0.000000	0.000000	-566.000000	-566.000000	0.000000	0.000000	0.000000	0.000000	0.000000	0.091755	0.054634	1400.000000
1465249239.238314	0.000000	0.000000	-566.000000	-566.000000	0.000000	0.000000	0.000000	0.000000	0.000000	0.091723	0.054654	1400.000000
1465249239.790891	0.000000	0.000000	-566.000000	-566.000000	0.000000	0.000000	0.000000	0.000000	0.000000	0.091912	0.054767	1400.000000
1465249240.296390	0.000000	0.000000	-566.000000	-566.000000	0.000000	0.000000	0.000000	0.000000	0.000000	0.091861	0.054891	1400.000000
1465249240.815508	0.000000	0.000000	-566.000000	-566.000000	0.000000	0.000000	0.000000	0.000000	0.000000	0.092103	0.054850	1400.000000
1465249241.399644	0.000000	0.000000	-566.000000	-566.000000	0.000000	0.000000	0.000000	0.000000	0.000000	0.092261	0.054808	1400.000000
1465249241.884855	0.000000	0.000000	-566.000000	-566.000000	0.000000	0.000000	0.000000	0.000000	0.000000	0.092200	0.054614	1400.000000
1465249242.465343	0.000000	0.000000	-566.000000	-566.000000	0.000000	0.000000	0.000000	0.000000	0.000000	0.092328	0.054769	1400.000000
1465249242.974067	0.000000	0.000000	-566.000000	-566.000000	0.000000	0.000000	0.000000	0.000000	0.000000	0.092397	0.054794	1400.000000
1465249243.517650	0.000000	0.000000	-566.000000	-566.000000	0.000000	0.000000	0.000000	0.000000	0.000000	0.092506	0.054877	1400.000000
1465249244.039735	0.000000	0.000000	-566.000000	-566.000000	0.000000	0.000000	0.000000	0.000000	0.000000	0.092288	0.054753	1400.000000
1465249245.014238	0.000000	0.000000	-566.000000	-566.000000	0.000000	0.000000	0.000000	0.000000	0.000000	0.092483	0.055002	1400.000000
1465249245.770575	0.000000	0.000000	-566.000000	-566.000000	0.000000	0.000000	0.000000	0.000000	0.000000	0.092597	0.055033	1400.000000
1465249246.970605	0.000000	0.000000	-566.000000	-566.000000	0.000000	0.000000	0.000000	0.000000	0.000000	0.092389	0.054808	1400.000000
1465249247.767354	0.000000	0.000000	-566.000000	-566.000000	0.000000	0.000000	0.000000	0.000000	0.000000	0.092110	0.054578	1400.000000
1465249248.292173	0.000000	0.000000	-566.000000	-566.000000	0.000000	0.000000	0.000000	0.000000	0.000000	0.092074	0.054617	1400.000000
1465249248.997450	0.000000	0.000000	-566.000000	-566.000000	0.000000	0.000000	0.000000	0.000000	0.000000	0.092085	0.054701	1400.000000
1465249249.474714	0.000000	0.000000	-566.000000	-566.000000	0.000000	0.000000	0.000000	0.000000	0.000000	0.092130	0.054650	1400.000000
1465249249.999298	0.000000	0.000000	-566.000000	-566.000000	0.000000	0.000000	0.000000	0.000000	0.000000	0.092121	0.054618	1400.000000
1465249250.574914	0.000000	0.000000	-566.000000	-566.000000	0.000000	0.000000	0.000000	0.000000	0.000000	0.092171	0.054668	1400.000000
1465249251.136747	0.000000	0.000000	-566.000000	-566.000000	0.000000	0.000000	0.000000	0.000000	0.000000	0.092016	0.054462	1400.000000
1465249251.658287	0.000000	0.000000	-566.000000	-566.000000	0.000000	0.000000	0.000000	0.000000	0.000000	0.092011	0.054520	1400.000000
1465249252.150620	0.000000	0.000000	-566.000000	-566.000000	0.000000	0.000000	0.000000	0.000000	0.000000	0.092003	0.054460	1400.000000
1465249252.666035	0.000000	0.000000	-566.000000	-566.000000	0.000000	0.000000	0.000000	0.000000	0.000000	0.092089	0.054430	1400.000000
1465249253.240730	0.000000	0.000000	-566.000000	-566.000000	0.000000	0.000000	0.000000	0.000000	0.000000	0.092058	0.054277	1400.000000
1465249253.741287	0.000000	0.000000	-566.000000	-566.000000	0.000000	0.000000	0.000000	0.000000	0.000000	0.092023	0.054168	1400.000000
1465249254.317078	0.000000	0.000000	-566.000000	-566.000000	0.000000	0.000000	0.000000	0.000000	0.000000	0.092003	0.053894	1400.000000
1465249254.838673	0.000000	0.000000	-566.000000	-566.000000	0.000000	0.000000	0.000000	0.000000	0.000000	0.091449	0.053388	1400.000000
1465249255.376951	0.000000	0.000000	-566.000000	-566.000000	0.000000	0.000000	0.000000	0.000000	0.000000	0.090914	0.052597	1400.000000
1465249255.932564	0.000000	0.000000	-566.000000	-566.000000	0.000000	0.000000	0.000000	0.000000	0.000000	0.090772	0.052415	1400.000000
1465249256.448791	0.000000	0.000000	-566.000000	-566.000000	0.000000	0.000000	0.000000	0.000000	0.000000	0.090492	0.052042	1400.000000
1465249257.030340	0.000000	0.000000	-566.000000	-566.000000	0.000000	0.000000	0.000000	0.000000	0.000000	0.090272	0.051899	1400.000000
1465249258.073139	0.000000	0.000000	-566.000000	-566.000000	0.000000	0.000000	0.000000	0.000000	0.000000	0.090113	0.051873	1400.000000
1465249259.222861	0.000000	0.000000	-566.000000	-566.000000	0.000000	0.000000	0.000000	0.000000	0.000000	0.089990	0.051574	1400.000000
1465249260.077966	0.000000	0.000000	-566.000000	-566.000000	0.000000	0.000000	0.000000	0.000000	0.000000	0.090021	0.051795	1400.000000
1465249260.567521	0.000000	0.000000	-566.000000	-566.000000	0.000000	0.000000	0.000000	0.000000	0.000000	0.090054	0.051897	1400.000000
1465249261.133817	0.000000	0.000000	-566.000000	-566.000000	0.000000	0.000000	0.000000	0.000000	0.000000	0.090321	0.052331	1400.000000
1465249261.674474	0.000000	0.000000	-566.000000	-566.000000	0.000000	0.000000	0.000000	0.000000	0.000000	0.090334	0.052376	1400.000000
1465249262.185700	0.000000	0.000000	-566.000000	-566.000000	0.000000	0.000000	0.000000	0.000000	0.000000	0.090550	0.052432	1400.000000
1465249262.703892	0.000000	0.000000	-566.000000	-566.000000	0.000000	0.000000	0.000000	0.000000	0.000000	0.090443	0.052217	1400.000000
1465249263.215691	0.000000	0.000000	-566.000000	-566.000000	0.000000	0.000000	0.000000	0.000000	0.000000	0.090441	0.052047	1400.000000
1465249263.852577	0.000000	0.000000	-566.000000	-566.000000	0.000000	0.000000	0.000000	0.000000	0.000000	0.090769	0.052237	1400.000000
1465249264.401712	0.000000	0.000000	-566.000000	-566.000000	0.000000	0.000000	0.000000	0.000000	0.000000	0.090882	0.052380	1400.000000
1465249264.932596	0.000000	0.000000	-566.000000	-566.000000	0.000000	0.000000	0.000000	0.000000	0.000000	0.090982	0.052212	1400.000000
1465249265.460531	0.000000	0.000000	-566.000000	-566.000000	0.000000	0.000000	0.000000	0.000000	0.000000	0.090821	0.052255	1400.000000
1465249266.020040	0.000000	0.000000	-566.000000	-566.000000	0.000000	0.000000	0.000000	0.000000	0.000000	0.090527	0.052092	1400.000000
1465249266.588313	0.000000	0.000000	-566.000000	-566.000000	0.000000	0.000000	0.000000	0.000000	0.000000	0.090244	0.051934	1400.000000
1465249267.117101	0.000000	0.000000	-566.000000	-566.000000	0.000000	0.000000	0.000000	0.000000	0.000000	0.090134	0.051828	1400.000000
1465249267.709581	0.000000	0.000000	-566.000000	-566.000000	0.000000	0.000000	0.000000	0.000000	0.000000	0.090160	0.051839	1400.000000
1465249268.240699	0.000000	0.000000	-566.000000	-566.000000	0.000000	0.000000	0.000000	0.000000	0.000000	0.090039	0.052064	1400.000000
1465249268.723666	0.000000	0.000000	-566.000000	-566.000000	0.000000	0.000000	0.000000	0.000000	0.000000	0.090122	0.051808	1400.000000
1465249269.304242	0.000000	0.000000	-566.000000	-566.000000	0.000000	0.000000	0.000000	0.000000	0.000000	0.090321	0.052060	1400.000000
1465249270.165173	0.000000	0.000000	-566.000000	-566.000000	0.000000	0.000000	0.000000	0.000000	0.000000	0.090585	0.051857	1400.000000
1465249271.473436	0.000000	0.000000	-566.000000	-566.000000	0.000000	0.000000	0.000000	0.000000	0.000000	0.090403	0.051658	1400.000000
1465249272.581541	0.000000	0.000000	-566.000000	-566.000000	0.000000	0.000000	0.000000	0.000000	0.000000	0.091597	0.052317	1400.000000
1465249273.044473	0.000000	0.000000	-566.000000	-566.000000	0.000000	0.000000	0.000000	0.000000	0.000000	0.091579	0.052557	1400.000000
1465249273.623750	0.000000	0.000000	-566.000000	-566.000000	0.000000	0.000000	0.000000	0.000000	0.000000	0.091429	0.052506	1400.000000
1465249274.139053	0.000000	0.000000	-566.000000	-566.000000	0.000000	0.000000	0.000000	0.000000	0.000000	0.091627	0.052653	1400.000000
1465249274.657089	0.000000	0.000000	-566.000000	-566.000000	0.000000	0.000000	0.000000	0.000000	0.000000	0.091620	0.052373	1400.000000
1465249275.161904	0.000000	0.000000	-566.000000	-566.000000	0.000000	0.000000	0.000000	0.000000	0.000000	0.091544	0.052147	1400.000000
1465249275.681981	0.000000	0.000000	-566.000000	-566.000000	0.000000	0.000000	0.000000	0.000000	0.000000	0.091639	0.052033	1400.000000
1465249276.278015	0.000000	0.000000	-566.000000	-566.000000	0.000000	0.000000	0.000000	0.000000	0.000000	0.091548	0.052080	1400.000000
1465249276.802344	0.000000	0.000000	-566.000000	-566.000000	0.000000	0.000000	0.000000	0.000000	0.000000	0.091419	0.052265	1400.000000
1465249277.352512	0.000000	0.000000	-566.000000	-566.000000	0.000000	0.000000	0.000000	0.000000	0.000000	0.091386	0.052045	1400.000000
1465249277.881585	0.000000	0.000000	-566.000000	-566.000000	0.000000	0.000000	0.000000	0.000000	0.000000	0.091400	0.051926	1400.000000
1465249278.423291	0.000000	0.000000	-566.000000	-566.000000	0.000000	0.000000	0.000000	0.000000	0.000000	0.091940	0.052051	1400.000000
1465249278.957424	0.000000	0.000000	-566.000000	-566.000000	0.000000	0.000000	0.000000	0.000000	0.000000	0.092007	0.052185	1400.000000
1465249279.442121	0.000000	0.000000	-566.000000	-566.000000	0.000000	0.000000	0.000000	0.000000	0.000000	0.091993	0.051979	1400.000000
1465249280.092674	0.000000	0.000000	-566.000000	-566.000000	0.000000	0.000000	0.000000	0.000000	0.000000	0.092153	0.052135	1400.000000
1465249280.649395	0.000000	0.000000	-566.000000	-566.000000	0.000000	0.000000	0.000000	0.000000	0.000000	0.092319	0.052373	1400.000000
1465249281.175148	0.000000	0.000000	-566.000000	-566.000000	0.000000	0.000000	0.000000	0.000000	0.000000	0.092178	0.052050	1400.000000
1465249282.040520	0.000000	0.000000	-566.000000	-566.000000	0.000000	0.000000	0.000000	0.000000	0.000000	0.092258	0.052086	1400.000000
1465249283.210021	0.000000	0.000000	-566.000000	-566.000000	0.000000	0.000000	0.000000	0.000000	0.000000	0.092300	0.052124	1400.000000
1465249284.257939	0.000000	0.000000	-566.000000	-566.000000	0.000000	0.000000	0.000000	0.000000	0.000000	0.092254	0.052231	1400.000000
1465249284.782775	0.000000	0.000000	-566.000000	-566.000000	0.000000	0.000000	0.000000	0.000000	0.000000	0.092045	0.052165	1400.000000
1465249285.254550	0.000000	0.000000	-566.000000	-566.000000	0.000000	0.000000	0.000000	0.000000	0.000000	0.092004	0.051932	1400.000000
1465249285.809259	0.000000	0.000000	-566.000000	-566.000000	0.000000	0.000000	0.000000	0.000000	0.000000	0.092091	0.051774	1400.000000
1465249286.358371	0.000000	0.000000	-566.000000	-566.000000	0.000000	0.000000	0.000000	0.000000	0.000000	0.091883	0.051439	1400.000000
1465249286.909038	0.000000	0.000000	-566.000000	-566.000000	0.000000	0.000000	0.000000	0.000000	0.000000	0.091936	0.051436	1400.000000
1465249287.442785	0.000000	0.000000	-566.000000	-566.000000	0.000000	0.000000	0.000000	0.000000	0.000000	0.091885	0.051690	1400.000000
1465249287.974235	0.000000	0.000000	-566.000000	-566.000000	0.000000	0.000000	0.000000	0.000000	0.000000	0.091995	0.051475	1400.000000
1465249288.525036	0.000000	0.000000	-566.000000	-566.000000	0.000000	0.000000	0.000000	0.000000	0.000000	0.091915	0.051477	1400.000000
1465249289.064320	0.000000	0.000000	-566.000000	-566.000000	0.000000	0.000000	0.000000	0.000000	0.000000	0.091936	0.051338	1400.000000
1465249289.593427	0.000000	0.000000	-566.000000	-566.000000	0.000000	0.000000	0.000000	0.000000	0.000000	0.091836	0.051256	1400.000000
1465249290.139967	0.000000	0.000000	-566.000000	-566.000000	0.000000	0.000000	0.000000	0.000000	0.000000	0.091817	0.051305	1400.000000
1465249290.623519	0.000000	0.000000	-566.000000	-566.000000	0.000000	0.000000	0.000000	0.000000	0.000000	0.091636	0.051169	1400.000000
1465249291.171877	0.000000	0.000000	-566.000000	-566.000000	0.000000	0.000000	0.000000	0.000000	0.000000	0.091663	0.051185	1400.000000
1465249291.681066	0.000000	0.000000	-566.000000	-566.000000	0.000000	0.000000	0.000000	0.000000	0.000000	0.091695	0.050907	1400.000000
1465249292.254121	0.000000	0.000000	-566.000000	-566.000000	0.000000	0.000000	0.000000	0.000000	0.000000	0.091693	0.051044	1400.000000
1465249292.805375	0.000000	0.000000	-566.000000	-566.000000	0.000000	0.000000	0.000000	0.000000	0.000000	0.091622	0.050848	1400.000000
1465249293.341968	0.000000	0.000000	-566.000000	-566.000000	0.000000	0.000000	0.000000	0.000000	0.000000	0.091815	0.050902	1400.000000
1465249294.085167	0.000000	0.000000	-566.000000	-566.000000	0.000000	0.000000	0.000000	0.000000	0.000000	0.091793	0.050673	1400.000000
1465249295.311798	0.000000	0.000000	-566.000000	-566.000000	0.000000	0.000000	0.000000	0.000000	0.000000	0.092001	0.051118	1400.000000
1465249296.462349	0.000000	0.000000	-566.000000	-566.000000	0.000000	0.000000	0.000000	0.000000	0.000000	0.091776	0.050917	1400.000000
1465249296.989698	0.000000	0.000000	-566.000000	-566.000000	0.000000	0.000000	0.000000	0.000000	0.000000	0.091599	0.050908	1400.000000
1465249297.512384	0.000000	0.000000	-566.000000	-566.000000	0.000000	0.000000	0.000000	0.000000	0.000000	0.091660	0.050845	1400.000000
1465249298.091497	0.000000	0.000000	-566.000000	-566.000000	0.000000	0.000000	0.000000	0.000000	0.000000	0.091838	0.051146	1400.000000
1465249298.597969	0.000000	0.000000	-566.000000	-566.000000	0.000000	0.000000	0.000000	0.000000	0.000000	0.091847	0.051189	1400.000000
1465249299.227443	0.000000	0.000000	-566.000000	-566.000000	0.000000	0.000000	0.000000	0.000000	0.000000	0.091935	0.051150	1400.000000
1465249299.709705	0.000000	0.000000	-566.000000	-566.000000	0.000000	0.000000	0.000000	0.000000	0.000000	0.092147	0.051155	1400.000000
1465249300.295671	0.000000	0.000000	-566.000000	-566.000000	0.000000	0.000000	0.000000	0.000000	0.000000	0.092168	0.050942	1400.000000
1465249300.835483	0.000000	0.000000	-566.000000	-566.000000	0.000000	0.000000	0.000000	0.000000	0.000000	0.092347	0.050843	1400.000000
1465249301.432399	0.000000	0.000000	-566.000000	-566.000000	0.000000	0.000000	0.000000	0.000000	0.000000	0.092488	0.050676	1400.000000
1465249301.950832	0.000000	0.000000	-566.000000	-566.000000	0.000000	0.000000	0.000000	0.000000	0.000000	0.092475	0.050671	1400.000000
1465249302.531046	0.000000	0.000000	-566.000000	-566.000000	0.000000	0.000000	0.000000	0.000000	0.000000	0.092335	0.050533	1400.000000
1465249303.068921	0.000000	0.000000	-566.000000	-566.000000	0.000000	0.000000	0.000000	0.000000	0.000000	0.092228	0.050431	1400.000000
1465249303.755347	0.000000	0.000000	-566.000000	-566.000000	0.000000	0.000000	0.000000	0.000000	0.000000	0.092104	0.050541	1400.000000
1465249304.351932	0.000000	0.000000	-566.000000	-566.000000	0.000000	0.000000	0.000000	0.000000	0.000000	0.091893	0.050310	1400.000000
1465249304.925440	0.000000	0.000000	-566.000000	-566.000000	0.000000	0.000000	0.000000	0.000000	0.000000	0.091957	0.050703	1400.000000
1465249305.592231	0.000000	0.000000	-566.000000	-566.000000	0.000000	0.000000	0.000000	0.000000	0.000000	0.092045	0.050972	1400.000000
1465249306.135851	0.000000	0.000000	-566.000000	-566.000000	0.000000	0.000000	0.000000	0.000000	0.000000	0.091966	0.050882	1400.000000
1465249307.588715	0.000000	0.000000	-566.000000	-566.000000	0.000000	0.000000	0.000000	0.000000	0.000000	0.092171	0.050840	1400.000000
1465249308.838816	0.000000	0.000000	-566.000000	-566.000000	0.000000	0.000000	0.000000	0.000000	0.000000	0.092449	0.051101	1400.000000
1465249309.367260	0.000000	0.000000	-566.000000	-566.000000	0.000000	0.000000	0.000000	0.000000	0.000000	0.092115	0.051226	1400.000000
1465249310.059289	0.000000	0.000000	-566.000000	-566.000000	0.000000	0.000000	0.000000	0.000000	0.000000	0.092242	0.051424	1400.000000
1465249310.578004	0.000000	0.000000	-566.000000	-566.000000	0.000000	0.000000	0.000000	0.000000	0.000000	0.092257	0.051313	1400.000000
1465249311.163570	0.000000	0.000000	-566.000000	-566.000000	0.000000	0.000000	0.000000	0.000000	0.000000	0.092093	0.050959	1400.000000
1465249311.904628	0.000000	0.000000	-566.000000	-566.000000	0.000000	0.000000	0.000000	0.000000	0.000000	0.092103	0.050845	1400.000000
1465249312.485529	0.000000	0.000000	-566.000000	-566.000000	0.000000	0.000000	0.000000	0.000000	0.000000	0.091813	0.050374	1400.000000
1465249313.120486	0.000000	0.000000	-566.000000	-566.000000	0.000000	0.000000	0.000000	0.000000	0.000000	0.091767	0.050266	1400.000000
1465249313.755152	0.000000	0.000000	-566.000000	-566.000000	0.000000	0.000000	0.000000	0.000000	0.000000	0.092487	0.050552	1400.000000
1465249314.346280	0.000000	0.000000	-566.000000	-566.000000	0.000000	0.000000	0.000000	0.000000	0.000000	0.091780	0.050518	1400.000000
1465249315.035068	0.000000	0.000000	-566.000000	-566.000000	0.000000	0.000000	0.000000	0.000000	0.000000	0.091764	0.050587	1400.000000
1465249315.596178	0.000000	0.000000	-566.000000	-566.000000	0.000000	0.000000	0.000000	0.000000	0.000000	0.091651	0.050519	1400.000000
1465249316.173931	0.000000	0.000000	-566.000000	-566.000000	0.000000	0.000000	0.000000	0.000000	0.000000	0.091680	0.050559	1400.000000
1465249316.863850	0.000000	0.000000	-566.000000	-566.000000	0.000000	0.000000	0.000000	0.000000	0.000000	0.091721	0.050422	1400.000000
1465249317.387252	0.000000	0.000000	-566.000000	-566.000000	0.000000	0.000000	0.000000	0.000000	0.000000	0.098003	0.046090	1400.000000
1465249318.021163	0.000000	0.000000	-566.000000	-566.000000	0.000000	0.000000	0.000000	0.000000	0.000000	0.030090	0.546452	1400.000000
1465249318.997574	0.000000	0.000000	-566.000000	-566.000000	0.000000	0.000000	0.000000	0.000000	0.000000	-0.674331	1.170968	1400.000000
1465249320.170537	0.000000	0.000000	-566.000000	-566.000000	0.000000	0.000000	0.000000	0.000000	0.000000	-1.329632	0.198335	1400.000000
1465249321.350796	0.000000	0.000000	-566.000000	-566.000000	0.000000	0.000000	0.000000	0.000000	0.000000	-1.297409	0.084308	1400.000000
1465249322.028901	0.000000	0.000000	-566.000000	-566.000000	0.000000	0.000000	0.000000	0.000000	0.000000	-1.219759	0.056060	1400.000000
1465249322.611944	0.000000	0.000000	-566.000000	-566.000000	0.000000	0.000000	0.000000	0.000000	0.000000	-1.183945	0.047806	1400.000000
1465249323.220949	1400.000000	-0.553672	166.262146	204.583328	1400.000000	0.400000	-0.400000	0.400000	6.968749	-1.176501	0.045437	1400.000000
1465249323.952933	1400.000000	-0.511045	99.149017	133.258820	1400.000000	-0.400000	-0.400000	0.400000	6.727944	-1.162601	0.047600	1400.000000
1465249324.411654	0.000000	0.000000	-566.000000	-566.000000	0.000000	0.000000	0.000000	0.000000	0.000000	-1.151097	0.041640	1400.000000
1465249325.073360	0.000000	0.000000	-566.000000	-566.000000	0.000000	0.000000	0.000000	0.000000	0.000000	-1.142412	0.040111	1400.000000
1465249325.648889	0.000000	0.000000	-566.000000	-566.000000	0.000000	0.000000	0.000000	0.000000	0.000000	-1.143180	0.047735	1400.000000
1465249326.154453	0.000000	0.000000	-566.000000	-566.000000	0.000000	0.000000	0.000000	0.000000	0.000000	-1.182034	0.065949	1400.000000
1465249326.769383	0.000000	0.000000	-566.000000	-566.000000	0.000000	0.000000	0.000000	0.000000	0.000000	-1.321043	0.050193	1400.000000
1465249327.428860	1400.000000	-0.357961	625.841125	134.794510	1400.000000	0.400000	0.400000	0.400000	7.843791	-1.314023	0.056106	1400.000000
1465249328.013454	1400.000000	-0.313127	633.639587	145.799500	1400.000000	0.400000	0.400000	0.400000	10.194175	-1.302742	0.064025	1400.000000
1465249328.595404	0.000000	0.000000	-566.000000	-566.000000	0.000000	0.000000	0.000000	0.000000	0.000000	-1.301806	0.071666	1400.000000
1465249329.124305	0.000000	0.000000	-566.000000	-566.000000	0.000000	0.000000	0.000000	0.000000	0.000000	-1.304532	0.079025	1400.000000
1465249329.927714	0.000000	0.000000	-566.000000	-566.000000	0.000000	0.000000	0.000000	0.000000	0.000000	-1.162515	0.063007	1400.000000
1465249330.438808	0.000000	0.000000	-566.000000	-566.000000	0.000000	0.000000	0.000000	0.000000	0.000000	-0.244880	0.076893	1400.000000
1465249331.154457	0.000000	0.000000	-566.000000	-566.000000	0.000000	0.000000	0.000000	0.000000	0.000000	0.040897	0.003160	1400.000000
1465249332.796221	1400.000000	1.574752	580.879578	214.055740	1400.000000	-0.400000	-0.400000	0.400000	31.326626	0.058923	0.031026	1400.000000
1465249333.835957	0.000000	0.000000	-566.000000	-566.000000	0.000000	0.000000	0.000000	0.000000	0.000000	0.080326	0.070970	1400.000000
1465249334.502619	0.000000	0.000000	-566.000000	-566.000000	0.000000	0.000000	0.000000	0.000000	0.000000	0.083624	0.082430	1400.000000
1465249334.972933	0.000000	0.000000	-566.000000	-566.000000	0.000000	0.000000	0.000000	0.000000	0.000000	0.083044	0.086588	1400.000000
1465249335.493623	0.000000	0.000000	-566.000000	-566.000000	0.000000	0.000000	0.000000	0.000000	0.000000	0.081218	0.086284	1400.000000
1465249336.233938	0.000000	0.000000	-566.000000	-566.000000	0.000000	0.000000	0.000000	0.000000	0.000000	0.079200	0.083986	1400.000000
1465249336.713944	0.000000	0.000000	-566.000000	-566.000000	0.000000	0.000000	0.000000	0.000000	0.000000	0.078224	0.082183	1400.000000
1465249337.287028	0.000000	0.000000	-566.000000	-566.000000	0.000000	0.000000	0.000000	0.000000	0.000000	0.077109	0.079139	1400.000000
1465249337.960502	0.000000	0.000000	-566.000000	-566.000000	0.000000	0.000000	0.000000	0.000000	0.000000	0.076547	0.076891	1400.000000
1465249338.475410	0.000000	0.000000	-566.000000	-566.000000	0.000000	0.000000	0.000000	0.000000	0.000000	0.076250	0.074882	1400.000000
1465249338.968484	0.000000	0.000000	-566.000000	-566.000000	0.000000	0.000000	0.000000	0.000000	0.000000	0.076830	0.072597	1400.000000
1465249339.540878	0.000000	0.000000	-566.000000	-566.000000	0.000000	0.000000	0.000000	0.000000	0.000000	0.077035	0.071614	1400.000000
1465249340.156532	0.000000	0.000000	-566.000000	-566.000000	0.000000	0.000000	0.000000	0.000000	0.000000	0.077475	0.070909	1400.000000
1465249340.707802	0.000000	0.000000	-566.000000	-566.000000	0.000000	0.000000	0.000000	0.000000	0.000000	0.078870	0.069452	1400.000000
1465249341.315238	0.000000	0.000000	-566.000000	-566.000000	0.000000	0.000000	0.000000	0.000000	0.000000	0.079823	0.068332	1400.000000
1465249341.955240	0.000000	0.000000	-566.000000	-566.000000	0.000000	0.000000	0.000000	0.000000	0.000000	0.080879	0.067287	1400.000000
1465249342.460366	0.000000	0.000000	-566.000000	-566.000000	0.000000	0.000000	0.000000	0.000000	0.000000	0.081759	0.066620	1400.000000
1465249343.040697	0.000000	0.000000	-566.000000	-566.000000	0.000000	0.000000	0.000000	0.000000	0.000000	0.082570	0.065715	1400.000000
1465249344.033200	0.000000	0.000000	-566.000000	-566.000000	0.000000	0.000000	0.000000	0.000000	0.000000	0.083467	0.064803	1400.000000
1465249345.560229	0.000000	0.000000	-566.000000	-566.000000	0.000000	0.000000	0.000000	0.000000	0.000000	0.084163	0.063400	1400.000000
1465249346.524458	0.000000	0.000000	-566.000000	-566.000000	0.000000	0.000000	0.000000	0.000000	0.000000	0.085386	0.061363	1400.000000
1465249347.062982	0.000000	0.000000	-566.000000	-566.000000	0.000000	0.000000	0.000000	0.000000	0.000000	0.085656	0.060383	1400.000000
1465249347.708277	0.000000	0.000000	-566.000000	-566.000000	0.000000	0.000000	0.000000	0.000000	0.000000	0.086063	0.059538	1400.000000
1465249348.260590	0.000000	0.000000	-566.000000	-566.000000	0.000000	0.000000	0.000000	0.000000	0.000000	0.086681	0.057844	1400.000000
1465249348.831188	0.000000	0.000000	-566.000000	-566.000000	0.000000	0.000000	0.000000	0.000000	0.000000	0.087448	0.057283	1400.000000
1465249349.340265	0.000000	0.000000	-566.000000	-566.000000	0.000000	0.000000	0.000000	0.000000	0.000000	0.087745	0.056685	1400.000000
1465249349.993395	0.000000	0.000000	-566.000000	-566.000000	0.000000	0.000000	0.000000	0.000000	0.000000	0.088201	0.056163	1400.000000
1465249350.579995	0.000000	0.000000	-566.000000	-566.000000	0.000000	0.000000	0.000000	0.000000	0.000000	0.088687	0.055491	1400.000000
1465249351.134163	0.000000	0.000000	-566.000000	-566.000000	0.000000	0.000000	0.000000	0.000000	0.000000	0.089346	0.054860	1400.000000
1465249351.794007	0.000000	0.000000	-566.000000	-566.000000	0.000000	0.000000	0.000000	0.000000	0.000000	0.089495	0.054523	1400.000000
1465249352.298533	0.000000	0.000000	-566.000000	-566.000000	0.000000	0.000000	0.000000	0.000000	0.000000	0.090256	0.054226	1400.000000
1465249352.938632	0.000000	0.000000	-566.000000	-566.000000	0.000000	0.000000	0.000000	0.000000	0.000000	0.090336	0.053703	1400.000000
1465249353.651017	0.000000	0.000000	-566.000000	-566.000000	0.000000	0.000000	0.000000	0.000000	0.000000	0.090561	0.053360	1400.000000
1465249354.251900	0.000000	0.000000	-566.000000	-566.000000	0.000000	0.000000	0.000000	0.000000	0.000000	0.090914	0.052880	1400.000000
1465249354.969145	0.000000	0.000000	-566.000000	-566.000000	0.000000	0.000000	0.000000	0.000000	0.000000	0.090882	0.052583	1400.000000
1465249355.568344	0.000000	0.000000	-566.000000	-566.000000	0.000000	0.000000	0.000000	0.000000	0.000000	0.091003	0.052095	1400.000000
1465249356.358494	0.000000	0.000000	-566.000000	-566.000000	0.000000	0.000000	0.000000	0.000000	0.000000	0.091322	0.051910	1400.000000
1465249357.678430	0.000000	0.000000	-566.000000	-566.000000	0.000000	0.000000	0.000000	0.000000	0.000000	0.091295	0.051508	1400.000000
1465249358.926061	0.000000	0.000000	-566.000000	-566.000000	0.000000	0.000000	0.000000	0.000000	0.000000	0.091721	0.050708	1400.000000
1465249359.550296	0.000000	0.000000	-566.000000	-566.000000	0.000000	0.000000	0.000000	0.000000	0.000000	0.092210	0.050059	1400.000000
1465249360.297849	0.000000	0.000000	-566.000000	-566.000000	0.000000	0.000000	0.000000	0.000000	0.000000	0.092144	0.049989	1400.000000
1465249360.762365	0.000000	0.000000	-566.000000	-566.000000	0.000000	0.000000	0.000000	0.000000	0.000000	0.092346	0.049655	1400.000000
1465249361.375073	0.000000	0.000000	-566.000000	-566.000000	0.000000	0.000000	0.000000	0.000000	0.000000	0.092409	0.049753	1400.000000
1465249362.072535	0.000000	0.000000	-566.000000	-566.000000	0.000000	0.000000	0.000000	0.000000	0.000000	0.092225	0.049280	1400.000000
1465249362.599164	0.000000	0.000000	-566.000000	-566.000000	0.000000	0.000000	0.000000	0.000000	0.000000	0.092444	0.048973	1400.000000
1465249363.274222	0.000000	0.000000	-566.000000	-566.000000	0.000000	0.000000	0.000000	0.000000	0.000000	0.092643	0.049123	1400.000000
1465249363.927688	0.000000	0.000000	-566.000000	-566.000000	0.000000	0.000000	0.000000	0.000000	0.000000	0.092670	0.048982	1400.000000
1465249364.509354	0.000000	0.000000	-566.000000	-566.000000	0.000000	0.000000	0.000000	0.000000	0.000000	0.092759	0.049033	1400.000000
1465249365.119944	0.000000	0.000000	-566.000000	-566.000000	0.000000	0.000000	0.000000	0.000000	0.000000	0.093090	0.049014	1400.000000
1465249365.722772	0.000000	0.000000	-566.000000	-566.000000	0.000000	0.000000	0.000000	0.000000	0.000000	0.093082	0.048980	1400.000000
1465249366.232170	0.000000	0.000000	-566.000000	-566.000000	0.000000	0.000000	0.000000	0.000000	0.000000	0.092916	0.049021	1400.000000
1465249366.864168	0.000000	0.000000	-566.000000	-566.000000	0.000000	0.000000	0.000000	0.000000	0.000000	0.093087	0.048967	1400.000000
1465249367.458862	0.000000	0.000000	-566.000000	-566.000000	0.000000	0.000000	0.000000	0.000000	0.000000	0.092983	0.048899	1400.000000
1465249368.050497	0.000000	0.000000	-566.000000	-566.000000	0.000000	0.000000	0.000000	0.000000	0.000000	0.092907	0.048816	1400.000000
1465249369.012742	0.000000	0.000000	-566.000000	-566.000000	0.000000	0.000000	0.000000	0.000000	0.000000	0.092888	0.048606	1400.000000
1465249370.135370	0.000000	0.000000	-566.000000	-566.000000	0.000000	0.000000	0.000000	0.000000	0.000000	0.093386	0.048454	1400.000000
1465249371.258637	0.000000	0.000000	-566.000000	-566.000000	0.000000	0.000000	0.000000	0.000000	0.000000	0.093208	0.048497	1400.000000
1465249371.827971	0.000000	0.000000	-566.000000	-566.000000	0.000000	0.000000	0.000000	0.000000	0.000000	0.092708	0.048241	1400.000000
1465249372.462364	0.000000	0.000000	-566.000000	-566.000000	0.000000	0.000000	0.000000	0.000000	0.000000	0.092848	0.048246	1400.000000
1465249373.061611	0.000000	0.000000	-566.000000	-566.000000	0.000000	0.000000	0.000000	0.000000	0.000000	0.093009	0.048390	1400.000000
1465249373.554625	0.000000	0.000000	-566.000000	-566.000000	0.000000	0.000000	0.000000	0.000000	0.000000	0.093118	0.048247	1400.000000
1465249374.081257	0.000000	0.000000	-566.000000	-566.000000	0.000000	0.000000	0.000000	0.000000	0.000000	0.093009	0.048319	1400.000000
1465249374.768007	0.000000	0.000000	-566.000000	-566.000000	0.000000	0.000000	0.000000	0.000000	0.000000	0.093111	0.048455	1400.000000
1465249375.301781	0.000000	0.000000	-566.000000	-566.000000	0.000000	0.000000	0.000000	0.000000	0.000000	0.093202	0.048705	1400.000000
1465249375.919939	0.000000	0.000000	-566.000000	-566.000000	0.000000	0.000000	0.000000	0.000000	0.000000	0.093020	0.048417	1400.000000
1465249376.631037	0.000000	0.000000	-566.000000	-566.000000	0.000000	0.000000	0.000000	0.000000	0.000000	0.092729	0.048235	1400.000000
1465249377.150421	0.000000	0.000000	-566.000000	-566.000000	0.000000	0.000000	0.000000	0.000000	0.000000	0.092502	0.048100	1400.000000
1465249377.709971	0.000000	0.000000	-566.000000	-566.000000	0.000000	0.000000	0.000000	0.000000	0.000000	0.091865	0.047679	1400.000000
1465249378.395868	0.000000	0.000000	-566.000000	-566.000000	0.000000	0.000000	0.000000	0.000000	0.000000	0.091671	0.047589	1400.000000
1465249378.906839	0.000000	0.000000	-566.000000	-566.000000	0.000000	0.000000	0.000000	0.000000	0.000000	0.091573	0.047192	1400.000000
1465249379.450795	0.000000	0.000000	-566.000000	-566.000000	0.000000	0.000000	0.000000	0.000000	0.000000	0.091617	0.047250	1400.000000
1465249380.038232	0.000000	0.000000	-566.000000	-566.000000	0.000000	0.000000	0.000000	0.000000	0.000000	0.091533	0.047126	1400.000000
1465249380.736478	0.000000	0.000000	-566.000000	-566.000000	0.000000	0.000000	0.000000	0.000000	0.000000	0.091545	0.046978	1400.000000
1465249382.153567	0.000000	0.000000	-566.000000	-566.000000	0.000000	0.000000	0.000000	0.000000	0.000000	0.091529	0.047057	1400.000000
1465249383.440942	0.000000	0.000000	-566.000000	-566.000000	0.000000	0.000000	0.000000	0.000000	0.000000	0.091664	0.046792	1400.000000
1465249384.151441	0.000000	0.000000	-566.000000	-566.000000	0.000000	0.000000	0.000000	0.000000	0.000000	0.091404	0.046469	1400.000000
1465249384.693689	0.000000	0.000000	-566.000000	-566.000000	0.000000	0.000000	0.000000	0.000000	0.000000	0.091561	0.046721	1400.000000
1465249385.363554	0.000000	0.000000	-566.000000	-566.000000	0.000000	0.000000	0.000000	0.000000	0.000000	0.091683	0.047035	1400.000000
1465249385.932064	0.000000	0.000000	-566.000000	-566.000000	0.000000	0.000000	0.000000	0.000000	0.000000	0.091740	0.047239	1400.000000
1465249386.543837	0.000000	0.000000	-566.000000	-566.000000	0.000000	0.000000	0.000000	0.000000	0.000000	0.091750	0.047118	1400.000000
1465249387.271133	0.000000	0.000000	-566.000000	-566.000000	0.000000	0.000000	0.000000	0.000000	0.000000	0.091570	0.047402	1400.000000
1465249387.911777	0.000000	0.000000	-566.000000	-566.000000	0.000000	0.000000	0.000000	0.000000	0.000000	0.091526	0.047409	1400.000000
1465249388.417324	0.000000	0.000000	-566.000000	-566.000000	0.000000	0.000000	0.000000	0.000000	0.000000	0.091620	0.047183	1400.000000
1465249388.954709	0.000000	0.000000	-566.000000	-566.000000	0.000000	0.000000	0.000000	0.000000	0.000000	0.091699	0.047017	1400.000000
1465249389.564978	0.000000	0.000000	-566.000000	-566.000000	0.000000	0.000000	0.000000	0.000000	0.000000	0.091446	0.046763	1400.000000
1465249390.173731	0.000000	0.000000	-566.000000	-566.000000	0.000000	0.000000	0.000000	0.000000	0.000000	0.091774	0.047005	1400.000000
1465249390.725632	0.000000	0.000000	-566.000000	-566.000000	0.000000	0.000000	0.000000	0.000000	0.000000	0.091970	0.046707	1400.000000
1465249391.287069	0.000000	0.000000	-566.000000	-566.000000	0.000000	0.000000	0.000000	0.000000	0.000000	0.091747	0.046355	1400.000000
1465249392.003793	0.000000	0.000000	-566.000000	-566.000000	0.000000	0.000000	0.000000	0.000000	0.000000	0.091950	0.046504	1400.000000
1465249392.534121	0.000000	0.000000	-566.000000	-566.000000	0.000000	0.000000	0.000000	0.000000	0.000000	0.092104	0.046457	1400.000000
1465249393.830609	0.000000	0.000000	-566.000000	-566.000000	0.000000	0.000000	0.000000	0.000000	0.000000	0.092076	0.046629	1400.000000
1465249394.963069	0.000000	0.000000	-566.000000	-566.000000	0.000000	0.000000	0.000000	0.000000	0.000000	0.092153	0.046868	1400.000000
1465249395.819178	0.000000	0.000000	-566.000000	-566.000000	0.000000	0.000000	0.000000	0.000000	0.000000	0.092064	0.047082	1400.000000
1465249396.406166	0.000000	0.000000	-566.000000	-566.000000	0.000000	0.000000	0.000000	0.000000	0.000000	0.092305	0.047126	1400.000000
1465249396.902235	0.000000	0.000000	-566.000000	-566.000000	0.000000	0.000000	0.000000	0.000000	0.000000	0.092483	0.047190	1400.000000
1465249397.443016	0.000000	0.000000	-566.000000	-566.000000	0.000000	0.000000	0.000000	0.000000	0.000000	0.092748	0.047377	1400.000000
1465249397.947911	0.000000	0.000000	-566.000000	-566.000000	0.000000	0.000000	0.000000	0.000000	0.000000	0.092766	0.047501	1400.000000
1465249398.447867	0.000000	0.000000	-566.000000	-566.000000	0.000000	0.000000	0.000000	0.000000	0.000000	0.092492	0.047615	1400.000000
1465249399.057728	0.000000	0.000000	-566.000000	-566.000000	0.000000	0.000000	0.000000	0.000000	0.000000	0.092349	0.047519	1400.000000
1465249399.606922	0.000000	0.000000	-566.000000	-566.000000	0.000000	0.000000	0.000000	0.000000	0.000000	0.092407	0.047606	1400.000000
1465249400.221685	0.000000	0.000000	-566.000000	-566.000000	0.000000	0.000000	0.000000	0.000000	0.000000	0.092211	0.047442	1400.000000
1465249400.700547	0.000000	0.000000	-566.000000	-566.000000	0.000000	0.000000	0.000000	0.000000	0.000000	0.092195	0.047396	1400.000000
1465249401.278803	0.000000	0.000000	-566.000000	-566.000000	0.000000	0.000000	0.000000	0.000000	0.000000	-0.609263	0.256441	1400.000000
1465249401.865161	0.000000	0.000000	-566.000000	-566.000000	0.000000	0.000000	0.000000	0.000000	0.000000	-1.565030	-0.067426	1400.000000
1465249402.371547	0.000000	0.000000	-566.000000	-566.000000	0.000000	0.000000	0.000000	0.000000	0.000000	-1.961106	-0.009081	1400.000000
1465249402.954704	1400.000000	-0.657525	623.961670	446.811493	1400.000000	-0.400000	0.400000	0.400000	9.040304	-1.939222	0.034873	1400.000000
1465249403.491920	0.000000	0.000000	-566.000000	-566.000000	0.000000	0.000000	0.000000	0.000000	0.000000	-1.966652	-0.069025	1400.000000
1465249404.079311	1400.000000	-0.407224	282.178223	459.556030	1400.000000	0.400000	0.400000	0.400000	17.083727	-1.747087	-0.269294	1400.000000
1465249404.605270	0.000000	0.000000	-566.000000	-566.000000	0.000000	0.000000	0.000000	0.000000	0.000000	-1.528366	-0.312357	1400.000000
1465249405.154895	0.000000	0.000000	-566.000000	-566.000000	0.000000	0.000000	0.000000	0.000000	0.000000	-1.752716	-0.092351	1400.000000
1465249406.024863	1400.000000	-0.395327	514.913574	451.257629	1400.000000	0.400000	-0.400000	0.400000	19.889446	-1.736666	-0.071242	1400.000000
1465249407.450987	1400.000000	-0.303107	514.897583	337.623688	1400.000000	-0.400000	0.400000	0.400000	39.163467	-1.715211	-0.084128	1400.000000
1465249408.524929	1400.000000	-0.223246	603.339661	446.856873	1400.000000	-0.400000	-0.400000	0.400000	20.944099	-1.708118	-0.081280	1400.000000
1465249409.085413	1400.000000	-0.184173	147.647156	406.188629	1400.000000	0.400000	-0.400000	0.400000	6.861042	-1.515576	-0.038605	1400.000000
1465249409.763971	1400.000000	-0.160769	146.022217	404.859985	1400.000000	0.400000	0.400000	0.400000	5.186111	-1.516941	-0.043277	1400.000000
1465249410.496933	1400.000000	-0.119937	633.783997	369.965332	1400.000000	-0.400000	0.400000	0.400000	5.154402	-1.522550	-0.054701	1400.000000
1465249411.136766	1400.000000	-0.090830	601.150574	401.530121	1400.000000	-0.400000	-0.400000	0.400000	5.849703	-1.488707	-0.026274	1400.000000
1465249411.955186	1400.000000	-0.071439	430.498871	383.325287	1400.000000	0.400000	-0.400000	0.400000	11.936316	-1.501926	-0.042663	1400.000000
1465249412.688841	1400.000000	-0.008112	429.125305	395.810272	1400.000000	0.400000	0.400000	0.400000	12.627693	-1.513144	-0.046206	1400.000000
1465249413.209563	1400.000000	0.024040	594.867676	357.843536	1400.000000	-0.400000	0.400000	0.400000	9.677416	-1.516170	-0.046657	1400.000000
1465249413.803514	1400.000000	0.046999	586.193481	386.575378	1400.000000	-0.400000	-0.400000	0.400000	8.635915	-1.517337	-0.049196	1400.000000
1465249414.481023	1400.000000	0.092288	582.055054	385.160553	1400.000000	-0.400000	-0.400000	0.400000	11.220311	-1.517185	-0.038396	1400.000000
1465249415.104676	1400.000000	0.107940	574.675842	391.457123	1400.000000	0.400000	0.400000	0.400000	10.275937	-1.519176	-0.036895	1400.000000
1465249415.655578	1400.000000	0.138164	574.444458	383.585236	1400.000000	0.400000	0.400000	0.400000	15.672817	-1.519890	-0.034294	1400.000000
1465249416.321996	1400.000000	0.150880	570.040955	384.497253	1400.000000	-0.400000	-0.400000	0.400000	11.897929	-1.532052	-0.045159	1400.000000
1465249416.808750	1400.000000	0.167764	568.897461	372.884613	1400.000000	-0.400000	-0.400000	0.400000	18.137613	-1.535731	-0.038842	1400.000000
1465249417.376302	1400.000000	0.199736	585.471436	319.902374	1400.000000	0.400000	0.400000	0.400000	13.198509	-1.542830	-0.037369	1400.000000
1465249418.140745	1400.000000	0.223927	574.433044	344.600189	1400.000000	-0.400000	-0.400000	0.400000	11.905544	-1.543707	-0.039536	1400.000000
1465249419.242806	1400.000000	0.251650	601.016724	298.933167	1400.000000	-0.400000	-0.400000	0.400000	14.066835	-1.543267	-0.035962	1400.000000
1465249420.524074	1400.000000	0.295607	564.779907	395.280304	1400.000000	0.400000	-0.400000	0.400000	16.298979	-1.545963	-0.030430	1400.000000
1465249421.106209	1400.000000	0.333033	562.955811	384.956421	1400.000000	0.400000	-0.400000	0.400000	20.516682	-1.544366	-0.032535	1400.000000
1465249421.694019	1400.000000	0.357084	572.604248	349.161224	1400.000000	0.400000	0.400000	0.400000	16.657574	-1.547945	-0.030741	1400.000000
1465249422.293543	1400.000000	0.369328	549.544006	387.966431	1400.000000	-0.400000	-0.400000	0.400000	15.952476	-1.546540	-0.027408	1400.000000
1465249423.036588	1400.000000	0.389134	557.121460	382.027893	1400.000000	-0.400000	-0.400000	0.400000	15.576299	-1.551418	-0.028271	1400.000000
1465249423.562013	0.000000	0.000000	-566.000000	-566.000000	0.000000	0.000000	0.000000	0.000000	0.000000	-1.557493	-0.026968	1400.000000
1465249424.053400	0.000000	0.000000	-566.000000	-566.000000	0.000000	0.000000	0.000000	0.000000	0.000000	-1.555056	-0.026108	1400.000000
1465249424.630224	0.000000	0.000000	-566.000000	-566.000000	0.000000	0.000000	0.000000	0.000000	0.000000	-1.558199	-0.024446	1400.000000
1465249425.187224	0.000000	0.000000	-566.000000	-566.000000	0.000000	0.000000	0.000000	0.000000	0.000000	-1.577023	-0.016657	1400.000000
1465249425.825095	0.000000	0.000000	-566.000000	-566.000000	0.000000	0.000000	0.000000	0.000000	0.000000	-1.573413	-0.022346	1400.000000
1465249426.548567	0.000000	0.000000	-566.000000	-566.000000	0.000000	0.000000	0.000000	0.000000	0.000000	-1.578294	-0.015243	1400.000000
1465249427.067817	0.000000	0.000000	-566.000000	-566.000000	0.000000	0.000000	0.000000	0.000000	0.000000	-1.578576	-0.013432	1400.000000
1465249427.687313	0.000000	0.000000	-566.000000	-566.000000	0.000000	0.000000	0.000000	0.000000	0.000000	-1.574873	-0.013349	1400.000000
1465249428.420459	0.000000	0.000000	-566.000000	-566.000000	0.000000	0.000000	0.000000	0.000000	0.000000	-1.576003	-0.012519	1400.000000
1465249428.971558	0.000000	0.000000	-566.000000	-566.000000	0.000000	0.000000	0.000000	0.000000	0.000000	-1.568731	-0.017050	1400.000000
1465249429.523007	0.000000	0.000000	-566.000000	-566.000000	0.000000	0.000000	0.000000	0.000000	0.000000	-1.560283	-0.018182	1400.000000
1465249430.259817	0.000000	0.000000	-566.000000	-566.000000	0.000000	0.000000	0.000000	0.000000	0.000000	-1.552031	-0.021044	1400.000000
1465249431.697007	0.000000	0.000000	-566.000000	-566.000000	0.000000	0.000000	0.000000	0.000000	0.000000	-1.536852	-0.027291	1400.000000
1465249433.146810	0.000000	0.000000	-566.000000	-566.000000	0.000000	0.000000	0.000000	0.000000	0.000000	-1.535244	-0.022468	1400.000000
1465249433.739298	0.000000	0.000000	-566.000000	-566.000000	0.000000	0.000000	0.000000	0.000000	0.000000	-1.519203	-0.020073	1400.000000
1465249434.501888	0.000000	0.000000	-566.000000	-566.000000	0.000000	0.000000	0.000000	0.000000	0.000000	-1.487351	-0.038407	1400.000000
1465249434.989442	0.000000	0.000000	-566.000000	-566.000000	0.000000	0.000000	0.000000	0.000000	0.000000	-1.472949	-0.044075	1400.000000
1465249435.618970	0.000000	0.000000	-566.000000	-566.000000	0.000000	0.000000	0.000000	0.000000	0.000000	-1.479325	-0.046255	1400.000000
1465249436.301247	0.000000	0.000000	-566.000000	-566.000000	0.000000	0.000000	0.000000	0.000000	0.000000	-1.480817	-0.048416	1400.000000
1465249436.873004	0.000000	0.000000	-566.000000	-566.000000	0.000000	0.000000	0.000000	0.000000	0.000000	-1.485974	-0.057361	1400.000000
1465249437.549132	0.000000	0.000000	-566.000000	-566.000000	0.000000	0.000000	0.000000	0.000000	0.000000	-1.486750	-0.047776	1400.000000
1465249438.538944	0.000000	0.000000	-566.000000	-566.000000	0.000000	0.000000	0.000000	0.000000	0.000000	-1.486776	-0.046152	1400.000000
1465249439.083816	0.000000	0.000000	-566.000000	-566.000000	0.000000	0.000000	0.000000	0.000000	0.000000	-1.496393	-0.044268	1400.000000
1465249439.605988	0.000000	0.000000	-566.000000	-566.000000	0.000000	0.000000	0.000000	0.000000	0.000000	-1.496740	-0.049200	1400.000000
1465249440.160264	0.000000	0.000000	-566.000000	-566.000000	0.000000	0.000000	0.000000	0.000000	0.000000	-1.498490	-0.048740	1400.000000
1465249440.655783	0.000000	0.000000	-566.000000	-566.000000	0.000000	0.000000	0.000000	0.000000	0.000000	-1.500084	-0.050761	1400.000000
1465249441.227472	0.000000	0.000000	-566.000000	-566.000000	0.000000	0.000000	0.000000	0.000000	0.000000	-1.501477	-0.051033	1400.000000
1465249441.749676	0.000000	0.000000	-566.000000	-566.000000	0.000000	0.000000	0.000000	0.000000	0.000000	-1.501446	-0.050249	1400.000000
1465249442.292589	0.000000	0.000000	-566.000000	-566.000000	0.000000	0.000000	0.000000	0.000000	0.000000	-1.501278	-0.047775	1400.000000
1465249442.770015	0.000000	0.000000	-566.000000	-566.000000	0.000000	0.000000	0.000000	0.000000	0.000000	-1.501645	-0.048222	1400.000000
1465249443.896212	0.000000	0.000000	-566.000000	-566.000000	0.000000	0.000000	0.000000	0.000000	0.000000	-1.505517	-0.043673	1400.000000
1465249445.035556	0.000000	0.000000	-566.000000	-566.000000	0.000000	0.000000	0.000000	0.000000	0.000000	-1.503043	-0.040131	1400.000000
1465249445.827697	0.000000	0.000000	-566.000000	-566.000000	0.000000	0.000000	0.000000	0.000000	0.000000	-1.500725	-0.042925	1400.000000
1465249446.338080	0.000000	0.000000	-566.000000	-566.000000	0.000000	0.000000	0.000000	0.000000	0.000000	-1.506445	-0.039423	1400.000000
1465249446.895364	0.000000	0.000000	-566.000000	-566.000000	0.000000	0.000000	0.000000	0.000000	0.000000	-1.512106	-0.039275	1400.000000
1465249447.436739	0.000000	0.000000	-566.000000	-566.000000	0.000000	0.000000	0.000000	0.000000	0.000000	-1.509080	-0.037228	1400.000000
1465249448.046628	0.000000	0.000000	-566.000000	-566.000000	0.000000	0.000000	0.000000	0.000000	0.000000	-1.506066	-0.032454	1400.000000
1465249448.587349	0.000000	0.000000	-566.000000	-566.000000	0.000000	0.000000	0.000000	0.000000	0.000000	-1.514516	-0.032251	1400.000000
1465249449.093274	0.000000	0.000000	-566.000000	-566.000000	0.000000	0.000000	0.000000	0.000000	0.000000	-1.527153	-0.048404	1400.000000
1465249449.639756	0.000000	0.000000	-566.000000	-566.000000	0.000000	0.000000	0.000000	0.000000	0.000000	-1.522639	-0.044872	1400.000000
1465249450.164367	0.000000	0.000000	-566.000000	-566.000000	0.000000	0.000000	0.000000	0.000000	0.000000	-1.526599	-0.035453	1400.000000
1465249450.782473	0.000000	0.000000	-566.000000	-566.000000	0.000000	0.000000	0.000000	0.000000	0.000000	-1.525202	-0.029210	1400.000000
1465249451.316452	0.000000	0.000000	-566.000000	-566.000000	0.000000	0.000000	0.000000	0.000000	0.000000	-1.524997	-0.022601	1400.000000
1465249451.861402	0.000000	0.000000	-566.000000	-566.000000	0.000000	0.000000	0.000000	0.000000	0.000000	-1.525446	-0.023487	1400.000000
1465249452.386539	0.000000	0.000000	-566.000000	-566.000000	0.000000	0.000000	0.000000	0.000000	0.000000	-1.526460	-0.023893	1400.000000
1465249452.962825	0.000000	0.000000	-566.000000	-566.000000	0.000000	0.000000	0.000000	0.000000	0.000000	-1.528113	-0.026479	1400.000000
1465249453.538458	0.000000	0.000000	-566.000000	-566.000000	0.000000	0.000000	0.000000	0.000000	0.000000	-1.532907	-0.026702	1400.000000
1465249454.040665	0.000000	0.000000	-566.000000	-566.000000	0.000000	0.000000	0.000000	0.000000	0.000000	-1.530251	-0.024822	1400.000000
1465249454.603628	0.000000	0.000000	-566.000000	-566.000000	0.000000	0.000000	0.000000	0.000000	0.000000	-1.533734	-0.024263	1400.000000
1465249455.222647	0.000000	0.000000	-566.000000	-566.000000	0.000000	0.000000	0.000000	0.000000	0.000000	-1.532011	-0.022450	1400.000000
1465249456.411260	0.000000	0.000000	-566.000000	-566.000000	0.000000	0.000000	0.000000	0.000000	0.000000	-1.529432	-0.020813	1400.000000
1465249457.712423	0.000000	0.000000	-566.000000	-566.000000	0.000000	0.000000	0.000000	0.000000	0.000000	-1.529183	-0.017653	1400.000000
1465249458.299546	0.000000	0.000000	-566.000000	-566.000000	0.000000	0.000000	0.000000	0.000000	0.000000	-1.531416	-0.016664	1400.000000
1465249458.897278	0.000000	0.000000	-566.000000	-566.000000	0.000000	0.000000	0.000000	0.000000	0.000000	-1.535964	-0.015218	1400.000000
1465249459.457125	0.000000	0.000000	-566.000000	-566.000000	0.000000	0.000000	0.000000	0.000000	0.000000	-1.545223	-0.004630	1400.000000
1465249459.971387	0.000000	0.000000	-566.000000	-566.000000	0.000000	0.000000	0.000000	0.000000	0.000000	-1.522999	-0.006233	1400.000000
1465249460.535287	0.000000	0.000000	-566.000000	-566.000000	0.000000	0.000000	0.000000	0.000000	0.000000	-1.530079	-0.006547	1400.000000
1465249461.035494	0.000000	0.000000	-566.000000	-566.000000	0.000000	0.000000	0.000000	0.000000	0.000000	-1.521258	-0.003059	1400.000000
1465249461.591642	0.000000	0.000000	-566.000000	-566.000000	0.000000	0.000000	0.000000	0.000000	0.000000	-1.525330	-0.001353	1400.000000
1465249462.111198	0.000000	0.000000	-566.000000	-566.000000	0.000000	0.000000	0.000000	0.000000	0.000000	-1.518095	0.001104	1400.000000
1465249462.686811	0.000000	0.000000	-566.000000	-566.000000	0.000000	0.000000	0.000000	0.000000	0.000000	-1.534069	0.014240	1400.000000
1465249463.227114	0.000000	0.000000	-566.000000	-566.000000	0.000000	0.000000	0.000000	0.000000	0.000000	-1.535362	0.010356	1400.000000
1465249463.757299	0.000000	0.000000	-566.000000	-566.000000	0.000000	0.000000	0.000000	0.000000	0.000000	-1.539101	0.010225	1400.000000
1465249464.284874	0.000000	0.000000	-566.000000	-566.000000	0.000000	0.000000	0.000000	0.000000	0.000000	-1.534803	0.005830	1400.000000
1465249464.785211	0.000000	0.000000	-566.000000	-566.000000	0.000000	0.000000	0.000000	0.000000	0.000000	-1.526679	0.021620	1400.000000
1465249465.383740	0.000000	0.000000	-566.000000	-566.000000	0.000000	0.000000	0.000000	0.000000	0.000000	-1.535405	0.027128	1400.000000
1465249465.903165	0.000000	0.000000	-566.000000	-566.000000	0.000000	0.000000	0.000000	0.000000	0.000000	-1.544715	0.025874	1400.000000
1465249466.474014	0.000000	0.000000	-566.000000	-566.000000	0.000000	0.000000	0.000000	0.000000	0.000000	-1.547377	0.031475	1400.000000
1465249467.104048	1400.000000	0.889731	484.329102	153.374115	1400.000000	0.400000	-0.400000	0.400000	6.476565	-1.546745	0.031831	1400.000000
1465249467.824941	1400.000000	0.890828	475.996094	157.108078	1400.000000	-0.400000	0.400000	0.400000	7.025290	-1.548057	0.031010	1400.000000
1465249469.357613	1400.000000	0.897129	629.465942	324.663025	1400.000000	-0.400000	0.400000	0.400000	7.708732	-1.555272	0.032371	1400.000000
1465249470.593975	1400.000000	0.893287	632.435242	328.704651	1400.000000	0.400000	-0.400000	0.400000	6.486891	-1.551022	0.032085	1400.000000
1465249471.112955	1400.000000	0.891570	631.568726	327.986023	1400.000000	0.400000	-0.400000	0.400000	11.106596	-1.548449	0.029866	1400.000000
1465249471.730829	0.000000	0.000000	-566.000000	-566.000000	0.000000	0.000000	0.000000	0.000000	0.000000	-1.545508	0.032745	1400.000000
1465249472.471855	1400.000000	0.890927	624.859680	323.275330	1400.000000	-0.400000	0.400000	0.400000	18.310907	-1.544527	0.031257	1400.000000
1465249473.059881	1400.000000	0.887906	634.033447	322.900940	1400.000000	-0.400000	0.400000	0.400000	7.901008	-1.539075	0.031168	1400.000000
1465249473.645231	1400.000000	0.883694	633.618103	326.222961	1400.000000	0.400000	-0.400000	0.400000	5.439530	-1.534126	0.024177	1400.000000
1465249474.340713	1400.000000	0.857688	633.272278	320.863434	1400.000000	0.400000	-0.400000	0.400000	8.051013	-1.524285	0.022137	1400.000000
1465249474.852134	0.000000	0.000000	-566.000000	-566.000000	0.000000	0.000000	0.000000	0.000000	0.000000	-1.497477	0.003522	1400.000000
1465249475.539945	0.000000	0.000000	-566.000000	-566.000000	0.000000	0.000000	0.000000	0.000000	0.000000	-1.478018	-0.001084	1400.000000
1465249476.208461	1400.000000	0.833237	525.264709	143.619507	1400.000000	0.400000	-0.400000	0.400000	7.394739	-1.469255	0.000005	1400.000000
1465249476.800868	1400.000000	0.879785	558.746155	122.476921	1400.000000	-0.400000	0.400000	0.400000	6.920382	-1.468763	0.009322	1400.000000
1465249477.383256	0.000000	0.000000	-566.000000	-566.000000	0.000000	0.000000	0.000000	0.000000	0.000000	-1.466463	0.007122	1400.000000
1465249478.073220	1400.000000	0.882248	604.680847	85.899368	1400.000000	-0.400000	0.400000	0.400000	6.358398	-1.461210	0.011513	1400.000000
1465249478.617445	1400.000000	0.905296	571.642944	86.724594	1400.000000	0.400000	-0.400000	0.400000	8.778542	-1.461343	0.024668	1400.000000
1465249479.144111	1400.000000	0.921465	567.531555	80.787270	1400.000000	0.400000	-0.400000	0.400000	10.581901	-1.451965	0.017414	1400.000000
1465249479.970247	1400.000000	0.922512	560.508850	72.232742	1400.000000	-0.400000	0.400000	0.400000	5.533608	-1.458186	0.009284	1400.000000
1465249481.242795	1400.000000	0.918648	489.367096	243.791489	1400.000000	-0.400000	-0.400000	0.400000	6.636169	-1.461177	-0.003885	1400.000000
1465249482.840870	1400.000000	0.897879	491.271484	207.200607	1400.000000	0.400000	-0.400000	0.400000	9.155095	-1.458012	-0.020738	1400.000000
1465249483.341733	1400.000000	0.893984	485.653839	272.198730	1400.000000	0.400000	0.400000	0.400000	6.112772	-1.513653	-0.035690	1400.000000
1465249483.966221	0.000000	0.000000	-566.000000	-566.000000	0.000000	0.000000	0.000000	0.000000	0.000000	-1.506143	-0.036014	1400.000000
1465249484.706999	0.000000	0.000000	-566.000000	-566.000000	0.000000	0.000000	0.000000	0.000000	0.000000	-1.506237	-0.037046	1400.000000
1465249485.283680	1400.000000	0.891057	596.773804	84.128571	1400.000000	-0.400000	0.400000	0.400000	5.268972	-1.504423	-0.034483	1400.000000
1465249485.866261	0.000000	0.000000	-566.000000	-566.000000	0.000000	0.000000	0.000000	0.000000	0.000000	-1.504158	-0.032728	1400.000000
1465249486.637052	0.000000	0.000000	-566.000000	-566.000000	0.000000	0.000000	0.000000	0.000000	0.000000	-1.504263	-0.037448	1400.000000
1465249487.140711	0.000000	0.000000	-566.000000	-566.000000	0.000000	0.000000	0.000000	0.000000	0.000000	-1.503412	-0.036836	1400.000000
1465249487.800746	0.000000	0.000000	-566.000000	-566.000000	0.000000	0.000000	0.000000	0.000000	0.000000	-1.506551	-0.041002	1400.000000
1465249488.526015	0.000000	0.000000	-566.000000	-566.000000	0.000000	0.000000	0.000000	0.000000	0.000000	-1.504796	-0.040191	1400.000000
1465249489.042007	0.000000	0.000000	-566.000000	-566.000000	0.000000	0.000000	0.000000	0.000000	0.000000	-1.498719	-0.036610	1400.000000
1465249489.572778	0.000000	0.000000	-566.000000	-566.000000	0.000000	0.000000	0.000000	0.000000	0.000000	-1.498583	-0.037884	1400.000000
1465249490.135117	1400.000000	0.854743	250.671799	252.353851	1400.000000	-0.400000	-0.400000	0.400000	5.067315	-1.497711	-0.037302	1400.000000
1465249490.837031	0.000000	0.000000	-566.000000	-566.000000	0.000000	0.000000	0.000000	0.000000	0.000000	-1.493507	-0.044503	1400.000000
1465249491.356301	0.000000	0.000000	-566.000000	-566.000000	0.000000	0.000000	0.000000	0.000000	0.000000	-1.505307	-0.121194	1400.000000
1465249492.050478	0.000000	0.000000	-566.000000	-566.000000	0.000000	0.000000	0.000000	0.000000	0.000000	-1.529724	-0.096739	1400.000000
1465249493.136777	1400.000000	0.835331	486.225220	288.306305	1400.000000	-0.400000	0.400000	0.400000	6.429832	-1.636279	-0.098583	1400.000000
1465249494.826354	0.000000	0.000000	-566.000000	-566.000000	0.000000	0.000000	0.000000	0.000000	0.000000	-1.598919	-0.070501	1400.000000
1465249495.509916	1400.000000	0.884470	490.414825	328.726227	1400.000000	0.400000	0.400000	0.400000	7.335762	-1.663396	0.011641	1400.000000
1465249496.256002	1400.000000	0.853433	598.598267	262.052399	1400.000000	0.400000	-0.400000	0.400000	11.161184	-1.666490	0.005973	1400.000000
1465249496.999566	1400.000000	0.852845	556.499084	280.176636	1400.000000	-0.400000	-0.400000	0.400000	9.332706	-1.679048	0.011593	1400.000000
1465249497.628302	1400.000000	0.849001	558.638794	416.197113	1400.000000	-0.400000	0.400000	0.400000	39.451530	-1.695500	0.018639	1400.000000
1465249498.315801	1400.000000	0.843361	524.434265	415.131500	1400.000000	0.400000	0.400000	0.400000	37.978710	-1.698079	0.022551	1400.000000
1465249499.007880	1400.000000	0.836134	513.907776	416.401398	1400.000000	0.400000	-0.017248	0.400000	38.196682	-1.681861	0.022747	1400.000000
1465249499.594202	1400.000000	0.828571	523.268555	429.198425	1400.000000	-0.400000	-0.400000	0.400000	32.481583	-1.669332	0.026501	1400.000000
1465249500.343275	1400.000000	0.825452	506.392761	428.166260	1400.000000	-0.400000	-0.400000	0.400000	34.961708	-1.638769	0.021069	1400.000000
1465249501.038629	1400.000000	0.820466	501.823669	429.608917	1400.000000	0.400000	-0.400000	0.400000	33.102043	-1.631120	0.020417	1400.000000
1465249501.864927	1400.000000	0.806099	482.437469	416.643158	1400.000000	0.400000	0.400000	0.400000	40.120258	-1.619622	0.021424	1400.000000
1465249502.513427	1400.000000	0.783640	573.283936	419.301758	1400.000000	-0.400000	0.400000	0.400000	47.544136	-1.608514	0.015695	1400.000000
1465249503.374244	1400.000000	0.773913	571.272278	380.153625	1400.000000	0.400000	-0.400000	0.400000	51.973511	-1.606017	0.013258	1400.000000
1465249504.091935	1400.000000	0.754252	465.138824	385.852142	1400.000000	-0.400000	-0.400000	0.400000	42.073162	-1.605840	0.011732	1400.000000
1465249504.978399	1400.000000	0.749418	566.204346	365.128784	1400.000000	-0.400000	0.400000	0.400000	52.168732	-1.604383	0.008481	1400.000000
1465249506.815606	1400.000000	0.736713	564.002625	370.835968	1400.000000	0.400000	0.400000	0.400000	54.845085	-1.607547	0.006171	1400.000000
1465249507.950838	1400.000000	0.688958	613.737061	393.098846	1400.000000	-0.400000	-0.400000	0.400000	42.802387	-1.610609	0.005297	1400.000000
1465249508.631454	1400.000000	0.676833	559.243896	368.646027	1400.000000	0.400000	-0.400000	0.400000	49.787991	-1.660234	-0.038529	1400.000000
1465249509.294599	1400.000000	0.608451	554.367798	373.656799	1400.000000	0.400000	0.400000	0.400000	54.047348	-1.657626	-0.000935	1400.000000
1465249509.985118	1400.000000	0.613087	554.446899	376.046265	1400.000000	-0.400000	0.400000	0.400000	55.422497	-1.668471	-0.007872	1400.000000
1465249510.751288	1400.000000	0.494454	578.684082	376.103424	1400.000000	0.400000	0.400000	0.400000	58.944290	-1.627689	-0.082720	1400.000000
1465249511.505279	1400.000000	0.570434	600.050842	429.216522	1400.000000	0.400000	-0.400000	0.400000	42.959450	-1.543126	-0.043521	1400.000000
1465249512.245443	1400.000000	0.563646	610.189819	436.262146	1400.000000	0.400000	-0.400000	0.400000	41.741997	-1.503417	-0.050922	1400.000000
1465249512.802578	1400.000000	0.561142	563.030884	412.920746	1400.000000	0.400000	-0.400000	0.400000	43.737297	-1.576285	-0.083871	1400.000000
1465249513.434393	1400.000000	0.537369	610.377502	381.400818	1400.000000	-0.400000	0.400000	0.400000	38.110638	-1.575738	-0.089750	1400.000000
1465249514.183570	1400.000000	0.501979	561.127441	293.758942	1400.000000	-0.400000	0.400000	0.400000	50.651756	-1.560429	-0.092688	1400.000000
1465249514.774775	1400.000000	0.500943	528.480774	327.080536	1400.000000	-0.400000	-0.400000	0.400000	52.361961	-1.556265	-0.113768	1400.000000
1465249515.496963	1400.000000	0.507265	552.120728	383.934387	1400.000000	-0.400000	0.400000	0.400000	50.927830	-1.508107	-0.129674	1400.000000
1465249516.205652	1400.000000	0.472588	585.340454	384.523468	1400.000000	0.400000	0.400000	0.400000	48.684368	-1.483609	-0.097873	1400.000000
1465249516.996939	1400.000000	0.490884	575.737854	379.351807	1400.000000	0.400000	-0.400000	0.400000	51.719864	-1.481224	-0.076050	1400.000000
1465249518.837903	1400.000000	0.483477	593.123169	366.403473	1400.000000	-0.400000	-0.400000	0.400000	45.058163	-1.465881	-0.084820	1400.000000
1465249519.867173	1400.000000	0.470239	608.458313	330.021637	1400.000000	-0.400000	0.400000	0.400000	35.800571	-1.449099	-0.090254	1400.000000
1465249520.579352	1400.000000	0.469840	610.710938	327.170929	1400.000000	0.400000	-0.400000	0.400000	34.471569	-1.441822	-0.090422	1400.000000
1465249521.160915	1400.000000	0.466547	604.443054	306.950592	1400.000000	-0.400000	-0.400000	0.400000	41.376022	-1.435762	-0.092276	1400.000000
1465249521.938008	1400.000000	0.467105	615.039062	311.372192	1400.000000	0.400000	0.400000	0.400000	31.394604	-1.430357	-0.091273	1400.000000
1465249522.553573	1400.000000	0.472108	623.670776	308.916595	1400.000000	0.400000	0.400000	0.400000	21.105623	-1.425173	-0.082978	1400.000000
1465249523.234867	1400.000000	0.478521	626.751892	312.400055	1400.000000	0.400000	-0.400000	0.400000	18.542055	-1.419017	-0.077790	1400.000000
1465249523.889758	1400.000000	0.484721	629.607666	310.975250	1400.000000	0.400000	-0.400000	0.400000	15.402230	-1.416182	-0.076131	1400.000000
1465249524.495218	1400.000000	0.491005	630.628174	303.202484	1400.000000	-0.400000	0.400000	0.400000	13.534129	-1.415621	-0.071384	1400.000000
1465249525.096865	1400.000000	0.496167	627.295776	293.508820	1400.000000	-0.400000	0.400000	0.400000	13.574044	-1.429931	-0.070426	1400.000000
1465249525.846658	1400.000000	0.505303	628.782715	286.562317	1400.000000	-0.400000	-0.400000	0.400000	13.191957	-1.430223	-0.072004	1400.000000
1465249526.381085	1400.000000	0.519908	628.270935	282.866272	1400.000000	-0.400000	0.400000	0.400000	11.920959	-1.430198	-0.074456	1400.000000
1465249527.097139	1400.000000	0.539930	632.513367	296.891052	1400.000000	-0.400000	-0.400000	0.400000	7.595395	-1.432592	-0.078175	1400.000000
1465249527.732940	1400.000000	0.549860	631.167969	293.970123	1400.000000	0.400000	-0.400000	0.400000	10.477359	-1.428729	-0.074067	1400.000000
1465249528.360198	1400.000000	0.542221	632.095459	296.112915	1400.000000	0.400000	-0.400000	0.400000	9.581608	-1.422271	-0.066818	1400.000000
1465249528.902258	1400.000000	0.550624	621.552307	285.858459	1400.000000	-0.400000	-0.400000	0.400000	17.490694	-1.428147	-0.055372	1400.000000
1465249530.478259	1400.000000	0.554943	612.960632	267.092834	1400.000000	-0.400000	-0.400000	0.400000	21.201159	-1.430784	-0.056378	1400.000000
1465249531.784629	1400.000000	0.540293	626.080261	275.215424	1400.000000	-0.400000	0.400000	0.400000	13.466787	-1.449452	-0.069579	1400.000000
1465249532.367606	1400.000000	0.571589	620.598450	265.417786	1400.000000	-0.400000	-0.400000	0.400000	22.094131	-1.405868	-0.037831	1400.000000
1465249533.136186	1400.000000	0.586015	617.595703	258.999420	1400.000000	0.400000	-0.400000	0.400000	20.915247	-1.401152	-0.043358	1400.000000
1465249533.713645	1400.000000	0.584237	468.760681	147.962967	1400.000000	0.400000	-0.400000	0.400000	8.430812	-1.406135	-0.037719	1400.000000
1465249534.353355	1400.000000	0.584188	516.897888	105.544678	1400.000000	-0.400000	0.400000	0.400000	6.294601	-1.395978	-0.034670	1400.000000
1465249535.152698	1400.000000	0.589946	505.704590	94.054077	1400.000000	-0.400000	0.400000	0.400000	8.232485	-1.393758	-0.031730	1400.000000
1465249535.800453	1400.000000	0.604877	545.043152	248.598038	1400.000000	-0.400000	-0.400000	0.400000	6.030138	-1.385924	-0.025658	1400.000000
1465249536.320281	1400.000000	0.614349	529.341797	86.758087	1400.000000	0.400000	-0.400000	0.400000	6.531290	-1.382028	-0.016684	1400.000000
1465249537.179868	1400.000000	0.753662	537.228149	74.716095	1400.000000	0.400000	0.400000	0.400000	6.794621	-1.362030	-0.014241	1400.000000
1465249537.781804	1400.000000	0.801093	551.682312	71.061523	1400.000000	-0.400000	0.400000	0.400000	7.176782	-1.481613	-0.077533	1400.000000
1465249538.438513	1400.000000	0.851310	534.452637	59.739643	1400.000000	-0.400000	-0.400000	0.400000	7.755923	-1.510157	0.014877	1400.000000
1465249539.137083	0.000000	0.000000	-566.000000	-566.000000	0.000000	0.000000	0.000000	0.000000	0.000000	-1.584985	0.026184	1400.000000
1465249539.748930	1400.000000	0.837634	450.955719	78.427925	1400.000000	0.400000	-0.400000	0.400000	19.669548	-1.656010	0.032571	1400.000000
1465249540.329656	1400.000000	0.870299	415.893311	300.650635	1400.000000	-0.400000	0.400000	0.400000	21.976095	-1.688544	0.014768	1400.000000
1465249541.019457	1400.000000	0.833562	526.535339	186.165710	1400.000000	0.400000	0.400000	0.400000	18.181318	-1.638191	0.004263	1400.000000
1465249542.584993	1400.000000	0.845742	432.718567	232.643539	1400.000000	0.400000	-0.400000	0.400000	16.732033	-1.648088	0.007906	1400.000000
1465249543.998245	1400.000000	0.840552	578.848816	308.559204	1400.000000	-0.400000	-0.400000	0.400000	44.538040	-1.651749	0.012786	1400.000000
1465249544.700043	1400.000000	0.830729	593.220459	290.519440	1400.000000	-0.400000	0.400000	0.400000	42.689716	-1.633648	0.015955	1400.000000
1465249545.467443	1400.000000	0.827748	603.064209	272.292755	1400.000000	0.400000	-0.400000	0.400000	40.000412	-1.624676	0.019743	1400.000000
1465249546.244659	1400.000000	0.829978	599.694763	271.844543	1400.000000	-0.400000	-0.400000	0.400000	39.143780	-1.624289	0.021239	1400.000000
1465249547.025307	1400.000000	0.839515	607.125305	273.679565	1400.000000	-0.400000	0.400000	0.400000	42.957043	-1.618987	0.026168	1400.000000
1465249547.792900	1400.000000	0.842167	611.937927	253.565536	1400.000000	0.400000	-0.400000	0.400000	41.334221	-1.619369	0.029945	1400.000000
1465249548.508843	1400.000000	0.844336	615.766724	253.999466	1400.000000	0.400000	-0.400000	0.400000	37.574173	-1.621649	0.027901	1400.000000
1465249549.059708	1400.000000	0.846363	614.378296	251.127533	1400.000000	-0.400000	-0.400000	0.400000	41.733032	-1.621061	0.028951	1400.000000
1465249549.751890	1400.000000	0.848519	608.781921	243.467209	1400.000000	0.400000	0.400000	0.400000	42.987087	-1.619667	0.029720	1400.000000
1465249550.424721	1400.000000	0.839504	602.950012	251.385910	1400.000000	0.400000	0.400000	0.400000	35.020210	-1.563231	0.051562	1400.000000
1465249551.091614	1400.000000	1.010932	607.792847	244.593628	1400.000000	-0.400000	0.400000	0.400000	43.377121	-0.699980	-0.016951	1400.000000
1465249551.763854	1400.000000	0.995140	607.681030	239.745956	1400.000000	0.400000	-0.400000	0.400000	44.680393	-0.317613	0.021335	1400.000000
1465249552.660544	1400.000000	1.518113	427.475159	282.060669	1400.000000	-0.400000	-0.400000	0.400000	15.609547	-0.632678	0.072921	1400.000000
1465249553.268532	0.000000	0.000000	-566.000000	-566.000000	0.000000	0.000000	0.000000	0.000000	0.000000	-0.291658	0.343837	1400.000000
1465249554.366137	0.000000	0.000000	-566.000000	-566.000000	0.000000	0.000000	0.000000	0.000000	0.000000	0.058787	0.060389	1400.000000
1465249555.541200	0.000000	0.000000	-566.000000	-566.000000	0.000000	0.000000	0.000000	0.000000	0.000000	0.098798	0.056137	1400.000000
1465249556.697334	0.000000	0.000000	-566.000000	-566.000000	0.000000	0.000000	0.000000	0.000000	0.000000	0.108683	0.110835	1400.000000
1465249557.107355	0.000000	0.000000	-566.000000	-566.000000	0.000000	0.000000	0.000000	0.000000	0.000000	0.109841	0.129566	1400.000000
1465249557.716396	0.000000	0.000000	-566.000000	-566.000000	0.000000	0.000000	0.000000	0.000000	0.000000	0.106295	0.147447	1400.000000
1465249558.392441	0.000000	0.000000	-566.000000	-566.000000	0.000000	0.000000	0.000000	0.000000	0.000000	0.102823	0.149815	1400.000000
1465249558.897536	0.000000	0.000000	-566.000000	-566.000000	0.000000	0.000000	0.000000	0.000000	0.000000	0.096850	0.148937	1400.000000
1465249559.442590	0.000000	0.000000	-566.000000	-566.000000	0.000000	0.000000	0.000000	0.000000	0.000000	0.093178	0.145382	1400.000000
1465249560.100204	0.000000	0.000000	-566.000000	-566.000000	0.000000	0.000000	0.000000	0.000000	0.000000	0.090551	0.142616	1400.000000
1465249560.690464	0.000000	0.000000	-566.000000	-566.000000	0.000000	0.000000	0.000000	0.000000	0.000000	0.087275	0.136830	1400.000000
1465249561.205992	0.000000	0.000000	-566.000000	-566.000000	0.000000	0.000000	0.000000	0.000000	0.000000	0.084543	0.130936	1400.000000
